24.279970169067383,168.22598266601562,2.0124876499176025,186.64346313476562,0.03547903150320053,8258047,-1
24.308015823364258,172.995361328125,2.5323734283447266,181.27914428710938,0.02993551455438137,8127231,-1
25.000782012939453,218.4748077392578,13.399571418762207,187.06541442871094,0.04266298934817314,11666177,-1
25.973661422729492,161.0215301513672,3.1368842124938965,193.29119873046875,0.03336663916707039,6947839,-1
26.39615821838379,176.64755249023438,6.84180212020874,180.40406799316406,0.028321295976638794,13173504,-1
29.45439910888672,150.28482055664062,3.0100367069244385,202.2491912841797,0.031398698687553406,3933183,-1
29.516836166381836,203.95281982421875,2.0056004524230957,160.08055114746094,0.04027997702360153,7995903,-1
29.845569610595703,172.46624755859375,1.8595794439315796,212.3084716796875,0.014302126131951809,2490879,-1
32.33422088623047,174.48248291015625,2.021275520324707,9.54949951171875,0.013403104618191719,8520191,-1
33.363563537597656,264.89105224609375,2.0135345458984375,158.71554565429688,0.015092691406607628,8258047,-1
33.4144287109375,162.5342559814453,1.8411377668380737,222.47940063476562,0.017937220633029938,1769983,-1
34.660400390625,203.44334411621094,10.47181224822998,166.86239624023438,0.031943533569574356,10551809,-1
35.8206787109375,195.82803344726562,16.68909454345703,174.61724853515625,0.031185131520032883,10813698,-1
37.332088470458984,283.33648681640625,2.3462040424346924,152.267822265625,0.015366333536803722,2622207,-1
38.73748016357422,277.251220703125,2.7212159633636475,157.57211303710938,0.013869838789105415,13370111,-1
39.537841796875,287.6117248535156,2.4541773796081543,149.36912536621094,0.014808076433837414,5899007,-1
41.453094482421875,204.00900268554688,2.2705116271972656,346.349365234375,0.014514421112835407,262911,-1
41.46250915527344,291.4450378417969,2.459897756576538,149.9593505859375,0.01806522160768509,6030079,-1
43.47880172729492,140.23008728027344,1.9214099645614624,51.85565185546875,0.015678925439715385,4915711,-1
44.42345428466797,204.20079040527344,1.8544927835464478,348.270751953125,0.01428257953375578,2294271,-1
45.187835693359375,123.3054428100586,2.0816144943237305,230.74261474609375,0.02189752832055092,10682879,-1
45.44113540649414,134.11082458496094,2.5290613174438477,54.436309814453125,0.0186589527875185,8061695,-1
45.7474479675293,137.2100372314453,1.8397274017333984,51.49005126953125,0.018452173098921776,1769983,-1
47.11266326904297,148.4072265625,8.728251457214355,181.20965576171875,0.013706221245229244,14090497,-1
47.195125579833984,125.49888610839844,2.7432682514190674,232.51483154296875,0.026330480352044106,13959935,-1
47.82579040527344,306.1125793457031,2.00350022315979,140.66847229003906,0.03379426896572113,7930367,-1
49.07728576660156,239.35745239257812,2.0271382331848145,315.1482849121094,0.013536129146814346,8782335,-1
49.16768264770508,135.6155548095703,2.0340263843536377,57.86749267578125,0.015942437574267387,8978943,-1
50.8250732421875,252.79638671875,36.77202606201172,171.303955078125,0.0638260543346405,1114627,-1
50.85826110839844,128.91552734375,11.049449920654297,233.24661254882812,0.039831504225730896,14418433,-1
51.511558532714844,304.1340637207031,3.0948712825775146,140.65509033203125,0.028443533927202225,5964799,-1
51.60489273071289,200.66905212402344,1.978890061378479,193.47364807128906,0.01583852618932724,7012863,-1
51.60489273071289,200.66905212402344,1.978890061378479,331.5041198730469,0.01583852618932724,7012863,-1
52.93356704711914,148.48800659179688,1.8934534788131714,166.73886108398438,0.01858237385749817,3801599,-1
52.95191955566406,229.2393798828125,2.295088291168213,130.42440795898438,0.013639544136822224,1049343,-1
53.04581069946289,129.79180908203125,1.865918755531311,69.1343994140625,0.03281261399388313,2753023,-1
53.712982177734375,121.07543182373047,3.176171064376831,238.56590270996094,0.02876623347401619,7799807,-1
54.650081634521484,225.76226806640625,2.669265031814575,165.496337890625,0.022921599447727203,11928319,-1
54.87895584106445,238.89974975585938,4.081015586853027,316.9426574707031,0.015101518481969833,9240832,-1
55.33876419067383,116.43020629882812,2.700794219970703,239.66024780273438,0.02275322563946247,12780287,-1
55.35622024536133,199.21957397460938,3.2706139087677,223.07334899902344,0.013514243066310883,9962495,-1
55.35622024536133,199.21957397460938,3.2706139087677,332.3472595214844,0.013514243066310883,9962495,-1
56.847023010253906,131.4072265625,2.321094036102295,51.70269775390625,0.016217878088355064,1835775,-1
58.40290832519531,210.2007598876953,1.8720661401748657,20.573486328125,0.014577709138393402,3015167,-1
58.40290832519531,210.2007598876953,1.8720661401748657,330.1163024902344,0.014577709138393402,3015167,-1
58.57903289794922,192.4868621826172,1.9531452655792236,103.70196533203125,0.014788718894124031,6095359,-1
58.57903289794922,192.4868621826172,1.9531452655792236,145.3828125,0.014788718894124031,6095359,-1
58.57903289794922,192.4868621826172,1.9531452655792236,238.71730041503906,0.014788718894124031,6095359,-1
58.57903289794922,192.4868621826172,1.9531452655792236,313.47833251953125,0.014788718894124031,6095359,-1
58.58262634277344,317.193359375,3.4297103881835938,137.289306640625,0.03631993383169174,13370367,-1
58.76137161254883,234.49327087402344,2.1822776794433594,324.362548828125,0.021928513422608376,14090751,-1
58.87889862060547,124.560302734375,2.085508108139038,285.9523620605469,0.013947509229183197,10813951,-1
60.6930046081543,312.9766540527344,3.1901462078094482,131.02569580078125,0.033034004271030426,8127487,-1
62.342071533203125,119.55045318603516,2.3510940074920654,299.3518981933594,0.014213796705007553,2753279,-1
63.921287536621094,315.9102783203125,3.511178731918335,129.65957641601562,0.031282030045986176,15074303,-1
65.54061889648438,219.53170776367188,2.6420583724975586,306.95330810546875,0.02390235848724842,11207423,-1
66.0394515991211,328.0574035644531,1.8539742231369019,129.87600708007812,0.029818620532751083,2294271,-1
66.85391235351562,170.7600860595703,21.470203399658203,231.39508056640625,0.018649715930223465,12321282,-1
67.9961929321289,216.71841430664062,2.185352325439453,309.061279296875,0.025336850434541702,14221823,-1
71.84513092041016,227.5284423828125,2.0810234546661377,267.2999572753906,0.01602131687104702,10682879,-1
71.91632080078125,166.8248291015625,2.2409815788269043,209.65257263183594,0.026152126491069794,15991295,-1
72.71061706542969,243.5478515625,1.9164857864379883,126.93502807617188,0.015516012907028198,4719103,-1
72.71061706542969,243.5478515625,1.9164857864379883,302.2320556640625,0.015516012907028198,4719103,-1
72.90567016601562,150.3904571533203,3.9457671642303467,125.02433776855469,0.015160327777266502,6816000,-1
72.93707275390625,191.4276580810547,2.275819778442383,213.33505249023438,0.026642415672540665,393983,-1
73.45706939697266,232.7168426513672,3.4468064308166504,182.57638549804688,0.018771646544337273,13698047,-1
75.31665802001953,144.0245819091797,11.089218139648438,124.77890014648438,0.019350679591298103,14680577,-1
75.31665802001953,144.0245819091797,11.089218139648438,268.7906188964844,0.019350679591298103,14680577,-1
75.93616485595703,166.35772705078125,2.770658016204834,214.01605224609375,0.017300430685281754,14615295,-1
77.38532257080078,223.40158081054688,1.8084722757339478,155.65382385253906,0.019677773118019104,524799,-1
77.61489868164062,135.32859802246094,2.0583178997039795,304.08746337890625,0.0239876601845026,9830911,-1
77.62383270263672,322.0304870605469,2.016545057296753,126.06758117675781,0.022961722686886787,8389119,-1
77.8729019165039,320.6905822753906,3.889537811279297,125.48370361328125,0.024752555415034294,5767424,-1
79.67090606689453,249.1588134765625,11.960890769958496,22.918975830078125,0.027131564915180206,3474177,-1
80.8975830078125,138.12286376953125,2.000171422958374,304.10699462890625,0.014669928699731827,7799295,-1
81.08905029296875,198.7745819091797,2.2107930183410645,177.48558044433594,0.015536325983703136,15008255,-1
81.60588073730469,258.76629638671875,4.089388847351074,7.977630615234375,0.0381351076066494,9371904,-1
81.92744445800781,108.51795196533203,2.375117301940918,255.92929077148438,0.02204824425280094,3474175,-1
81.93394470214844,132.42030334472656,6.051263332366943,186.7271728515625,0.037295836955308914,4326144,-1
82.03727722167969,201.26783752441406,3.2917163372039795,177.28965759277344,0.01591351442039013,10421247,-1
83.73298645019531,242.88233947753906,7.051234722137451,16.99554443359375,0.02213289402425289,15336192,-1
83.83197784423828,160.12649536132812,1.857508659362793,234.85653686523438,0.01794636808335781,2425343,-1
86.07801055908203,258.538330078125,2.345353841781616,2.181243896484375,0.025178689509630203,2622207,-1
86.59159851074219,207.4036865234375,3.319364309310913,188.44607543945312,0.014776584692299366,11011071,-1
86.59159851074219,207.4036865234375,3.319364309310913,281.9456481933594,0.014776584692299366,11011071,-1
86.78266906738281,109.7911376953125,6.2640886306762695,262.4080810546875,0.028021736070513725,6816512,-1
87.1113052368164,180.34156799316406,2.864089012145996,180.46041870117188,0.015509242191910744,328703,-1
87.19266510009766,107.69400787353516,2.199317455291748,261.0242614746094,0.029739264398813248,14680575,-1
88.00921630859375,146.84442138671875,2.1134748458862305,69.2652587890625,0.018414219841361046,11796991,-1
88.3088150024414,130.51400756835938,4.6283488273620605,182.7059783935547,0.01734401099383831,1638912,-1
89.7704849243164,241.5548095703125,2.448899269104004,12.63775634765625,0.016793442890048027,5702399,-1
90.33223724365234,231.6409149169922,2.466618299484253,22.839111328125,0.0232028067111969,6226687,-1
91.80352020263672,238.18496704101562,3.428037643432617,22.008209228515625,0.01918693259358406,13304831,-1
92.90311431884766,144.51901245117188,2.0143320560455322,83.22933959960938,0.014293440617620945,8323583,-1
92.90311431884766,144.51901245117188,2.0143320560455322,178.25074768066406,0.014293440617620945,8323583,-1
93.67432403564453,225.87037658691406,2.122530221939087,35.885498046875,0.01755577325820923,12059135,-1
96.71280670166016,165.13282775878906,16.303478240966797,200.19012451171875,0.020107494667172432,9175298,-1
96.8810043334961,194.39491271972656,1.8607704639434814,105.79225158691406,0.015177288092672825,2556415,-1
96.8810043334961,194.39491271972656,1.8607704639434814,295.9509582519531,0.015177288092672825,2556415,-1
96.89552307128906,116.67040252685547,6.596995830535889,269.6516418457031,0.015434191562235355,10552064,-1
96.90507507324219,295.2357482910156,2.110395669937134,359.95361328125,0.01916617900133133,11665919,-1
97.19549560546875,134.63143920898438,10.631789207458496,207.68389892578125,0.05039893463253975,11665921,-1
97.19549560546875,134.63143920898438,10.631789207458496,329.5894775390625,0.05039893463253975,11665921,-1
97.22935485839844,125.92864227294922,1.8769721984863281,248.57669067382812,0.01335638016462326,3211775,-1
100.2555160522461,147.6193389892578,1.9434902667999268,120.78109741210938,0.016017258167266846,5702143,-1
100.2555160522461,147.6193389892578,1.9434902667999268,330.2120056152344,0.016017258167266846,5702143,-1
100.83132934570312,171.57711791992188,3.66039776802063,200.33982849121094,0.020696716383099556,1376512,-1
102.7495346069336,339.9070739746094,4.605899810791016,112.37564086914062,0.030092807486653328,1245696,-1
103.36679077148438,265.4124755859375,29.92037010192871,30.515289306640625,0.02059599943459034,2949379,-1
105.7784194946289,313.3858337402344,3.4576492309570312,340.7952575683594,0.018632156774401665,13960191,-1
106.35469055175781,126.62010192871094,3.004150152206421,348.40301513671875,0.01944744400680065,3802111,-1
106.96968078613281,173.32566833496094,4.232141494750977,201.59844970703125,0.014230544678866863,11862272,-1
108.50372314453125,319.45904541015625,2.716653823852539,160.44363403320312,0.015366677194833755,13239039,-1
108.50372314453125,319.45904541015625,2.716653823852539,318.83587646484375,0.015366677194833755,13239039,-1
109.59381103515625,243.25408935546875,2.071420431137085,222.2272186279297,0.016969066113233566,10289663,-1
109.88782501220703,88.0472183227539,38.42018127441406,219.66920471191406,0.04637392982840538,4325891,-1
109.88782501220703,88.0472183227539,38.42018127441406,235.1573486328125,0.04637392982840538,4325891,-1
110.02991485595703,124.96598052978516,2.495276927947998,60.743896484375,0.013973262161016464,7078655,-1
110.2619857788086,145.18528747558594,6.13130521774292,256.5677490234375,0.015182391740381718,5243648,-1
110.84222412109375,132.1908416748047,8.597408294677734,342.3890380859375,0.045876406133174896,12976385,-1
110.85443878173828,300.0881042480469,2.124014377593994,147.21388244628906,0.014025304466485977,12124671,-1
110.85443878173828,300.0881042480469,2.124014377593994,191.48947143554688,0.014025304466485977,12124671,-1
112.95236206054688,288.3711853027344,3.9224183559417725,210.82078552246094,0.014721432700753212,6357248,-1
112.98102569580078,339.5470886230469,2.223651170730591,114.10768127441406,0.01937812566757202,15467007,-1
113.66893768310547,356.18646240234375,2.192406415939331,109.92292785644531,0.039156049489974976,14418431,-1
114.86639404296875,296.63885498046875,6.614132881164551,234.43824768066406,0.01617848128080368,10748672,-1
118.45491027832031,110.11734008789062,3.187971830368042,272.2628173828125,0.01750490814447403,8061951,-1
121.71996307373047,208.89230346679688,2.6375114917755127,62.22314453125,0.01413633581250906,11076351,-1
121.99079132080078,128.947998046875,2.6009490489959717,220.87440490722656,0.018768619745969772,10093311,-1
123.86249542236328,275.4770812988281,1.956283450126648,183.97927856445312,0.028847523033618927,6160895,-1
124.08151245117188,223.88232421875,1.9142369031906128,299.78448486328125,0.015058500692248344,4588031,-1
124.69969177246094,105.94930267333984,4.693675518035889,189.59298706054688,0.03928816691040993,2621952,-1
125.14820098876953,115.6475830078125,3.006469488143921,187.44845581054688,0.017075108364224434,3867647,-1
125.14820098876953,115.6475830078125,3.006469488143921,237.244384765625,0.017075108364224434,3867647,-1
125.19844818115234,210.687744140625,1.925747275352478,75.1962890625,0.01643979363143444,5046783,-1
126.0328140258789,284.289794921875,1.863399863243103,331.21942138671875,0.016582690179347992,2687487,-1
126.48433685302734,123.35197448730469,2.5403451919555664,214.4131622314453,0.024922234937548637,8389375,-1
127.38592529296875,99.02490234375,2.053605794906616,194.44473266601562,0.028650417923927307,9699839,-1
127.50350952148438,253.4384765625,1.9214754104614258,55.64093017578125,0.015147470869123936,4915711,-1
127.50350952148438,253.4384765625,1.9214754104614258,192.23126220703125,0.015147470869123936,4915711,-1
128.8475799560547,213.8125762939453,8.35262680053711,57.5384521484375,0.019138475880026817,10879233,-1
129.14077758789062,102.17979431152344,2.71877384185791,188.95425415039062,0.03555271402001381,13304575,-1
129.86607360839844,327.64764404296875,2.128012180328369,30.828704833984375,0.013758338056504726,12255743,-1
129.86607360839844,327.64764404296875,2.128012180328369,197.9037322998047,0.013758338056504726,12255743,-1
130.88186645507812,84.45999908447266,2.815453290939331,200.11178588867188,0.029914261773228645,15794943,-1
131.05784606933594,93.54437255859375,2.110351800918579,190.0434112548828,0.03424800932407379,11665919,-1
131.11126708984375,108.9877700805664,2.004689931869507,211.95126342773438,0.02237837389111519,7930367,-1
131.8640899658203,100.01497650146484,6.077719211578369,189.94146728515625,0.03569890931248665,4588288,-1
133.97181701660156,105.55685424804688,2.3739020824432373,87.12445068359375,0.014576371759176254,3474175,-1
134.15333557128906,84.07321166992188,2.094667434692383,198.88323974609375,0.047478191554546356,11141631,-1
139.1927032470703,76.17720794677734,5.4660162925720215,205.4213104248047,0.03551250696182251,13632000,-1
142.52281188964844,113.43717956542969,4.177406311035156,173.3780517578125,0.02419235371053219,10944768,-1
143.8836669921875,276.54766845703125,2.0241219997406006,236.62896728515625,0.028239376842975616,8651263,-1
143.8836669921875,276.54766845703125,2.0241219997406006,341.4150695800781,0.028239376842975616,8651263,-1
144.76756286621094,66.85746002197266,5.467925548553467,211.5862579345703,0.035007499158382416,13697536,-1
145.0912322998047,92.07129669189453,8.21031379699707,198.76878356933594,0.02836424671113491,9634049,-1
145.4396209716797,241.70883178710938,5.809711933135986,7.780120849609375,0.015291232615709305,1377024,-1
146.35499572753906,285.0465393066406,2.65071702003479,198.23495483398438,0.016613135114312172,11469567,-1
146.35499572753906,285.0465393066406,2.65071702003479,339.9627380371094,0.016613135114312172,11469567,-1
146.39393615722656,131.9898681640625,4.084508419036865,4.80255126953125,0.013627874664962292,9306368,-1
146.39393615722656,131.9898681640625,4.084508419036865,103.43051147460938,0.013627874664962292,9306368,-1
147.9224090576172,264.89556884765625,1.8790682554244995,141.103271484375,0.025406651198863983,3277311,-1
149.00253295898438,326.70513916015625,1.988277792930603,193.82769775390625,0.013883058913052082,7340543,-1
149.52102661132812,77.55696868896484,2.0551750659942627,112.86160278320312,0.04196978360414505,9765375,-1
149.52102661132812,77.55696868896484,2.0551750659942627,156.65687561035156,0.04196978360414505,9765375,-1
149.52102661132812,77.55696868896484,2.0551750659942627,246.08326721191406,0.04196978360414505,9765375,-1
149.88568115234375,214.1220245361328,19.482030868530273,76.10614013671875,0.04935869947075844,5308930,-1
150.02345275878906,81.07921600341797,2.4602413177490234,237.3030548095703,0.015685278922319412,6030079,-1
150.02734375,123.06777954101562,3.906813859939575,196.5859375,0.018620062619447708,6095104,-1
150.28924560546875,197.75982666015625,2.1781742572784424,111.55928039550781,0.018445488065481186,13959679,-1
150.59568786621094,208.4113006591797,2.103740692138672,1.170684814453125,0.019784484058618546,11469311,-1
150.59568786621094,208.4113006591797,2.103740692138672,36.715362548828125,0.019784484058618546,11469311,-1
150.66616821289062,141.3762969970703,1.9584616422653198,158.52175903320312,0.020793551579117775,6291967,-1
150.66616821289062,141.3762969970703,1.9584616422653198,216.039794921875,0.020793551579117775,6291967,-1
150.88458251953125,91.38725280761719,3.111288547515869,200.03607177734375,0.015259106643497944,6292479,-1
151.0827178955078,354.0227355957031,4.396622180938721,99.21701049804688,0.0539441779255867,14614784,-1
151.9817657470703,127.0995101928711,2.136765241622925,81.4248046875,0.01463182270526886,12583423,-1
153.048828125,129.83676147460938,2.014382839202881,69.90216064453125,0.0205400288105011,8323583,-1
153.94569396972656,95.45509338378906,2.112924337387085,195.3645477294922,0.027375873178243637,11731455,-1
155.54013061523438,126.04529571533203,2.6300718784332275,80.53378295898438,0.01640770025551319,10879743,-1
155.81993103027344,93.7562255859375,4.8906073570251465,199.0231475830078,0.037245362997055054,5636608,-1
155.99876403808594,331.1149597167969,49.114803314208984,118.08010864257812,0.07199220359325409,5374723,-1
156.00352478027344,50.13389587402344,1.940708041191101,220.81015014648438,0.032159335911273956,5636607,-1
156.17127990722656,201.62646484375,1.8599754571914673,105.27432250976562,0.013932826928794384,2556415,-1
157.00466918945312,296.4124450683594,1.9166475534439087,286.1727600097656,0.02100071683526039,4719103,-1
157.4129180908203,266.9404296875,1.8968775272369385,2.1129150390625,0.016313066706061363,3932671,-1
157.49505615234375,84.35580444335938,2.499553680419922,317.910400390625,0.030498145148158073,7209727,-1
157.64193725585938,88.29806518554688,2.564817428588867,280.9271240234375,0.027265915647149086,9044735,-1
158.27362060546875,246.5411834716797,11.719583511352539,124.41842651367188,0.04175635799765587,1966849,-1
158.27362060546875,246.5411834716797,11.719583511352539,355.855712890625,0.04175635799765587,1966849,-1
158.39266967773438,233.04660034179688,2.2414517402648926,171.6548309326172,0.03874193876981735,16056831,-1
158.49371337890625,199.5185089111328,1.848936676979065,81.24227905273438,0.025653615593910217,2097663,-1
158.49371337890625,199.5185089111328,1.848936676979065,105.99046325683594,0.025653615593910217,2097663,-1
160.17999267578125,267.88616943359375,2.041612386703491,0.393218994140625,0.01693076454102993,9306623,-1
160.2364501953125,195.9334716796875,2.375607490539551,56.64935302734375,0.014921381138265133,3539711,-1
160.26608276367188,93.7479248046875,31.98600196838379,209.42971801757812,0.053339920938014984,7733507,-1
160.41232299804688,91.51043701171875,1.8465633392333984,296.3825988769531,0.016290241852402687,2032127,-1
160.56838989257812,229.43348693847656,2.6501851081848145,175.087158203125,0.05537666007876396,11404031,-1
160.66111755371094,278.20806884765625,2.102540969848633,331.4378662109375,0.02030509151518345,11403775,-1
160.72198486328125,132.1107635498047,1.919550895690918,93.4273681640625,0.024401498958468437,4784639,-1
160.72198486328125,132.1107635498047,1.919550895690918,171.89634704589844,0.024401498958468437,4784639,-1
162.0211181640625,297.2261962890625,2.625199556350708,312.8442077636719,0.018105581402778625,10748671,-1
162.20494079589844,234.7589111328125,3.4179840087890625,92.70913696289062,0.06381934881210327,13108223,-1
162.20494079589844,234.7589111328125,3.4179840087890625,167.69329833984375,0.06381934881210327,13108223,-1
162.42112731933594,233.04312133789062,4.878700256347656,110.43183898925781,0.06386010348796844,5440000,-1
162.42112731933594,233.04312133789062,4.878700256347656,175.66839599609375,0.06386010348796844,5440000,-1
162.7882537841797,219.38819885253906,1.9050220251083374,243.77719116210938,0.022334301844239235,4260351,-1
164.3975372314453,223.39151000976562,2.4843032360076904,115.281982421875,0.059659041464328766,6750975,-1
164.65501403808594,199.7025146484375,1.92491614818573,52.1573486328125,0.014621688053011894,5046783,-1
164.97384643554688,227.40696716308594,2.045273542404175,298.8008728027344,0.05853032320737839,9372159,-1
164.97987365722656,300.3192443847656,2.087735891342163,228.43682861328125,0.02708400972187519,10879487,-1
165.0059356689453,216.44589233398438,3.026695966720581,188.6001739501953,0.017269236966967583,4326399,-1
165.76181030273438,118.1849594116211,4.720212936401367,79.714599609375,0.020959094166755676,3015168,-1
166.06393432617188,280.4449157714844,1.9330596923828125,210.26873779296875,0.025662492960691452,5308927,-1
166.06393432617188,280.4449157714844,1.9330596923828125,313.2694396972656,0.025662492960691452,5308927,-1
166.1189727783203,48.54648208618164,12.377191543579102,231.71759033203125,0.05167936161160469,5899009,-1
166.44451904296875,48.15951156616211,2.144638776779175,56.815155029296875,0.013625796884298325,12845567,-1
166.44451904296875,48.15951156616211,2.144638776779175,290.4094543457031,0.013625796884298325,12845567,-1
166.64125061035156,122.80528259277344,2.056849956512451,245.98971557617188,0.015366625972092152,9830911,-1
166.84324645996094,65.25840759277344,2.1708011627197266,10.74542236328125,0.015099512413144112,13697535,-1
168.8376007080078,247.12384033203125,4.770792484283447,180.45285034179688,0.015872251242399216,3801600,-1
169.12464904785156,82.01441192626953,2.090050458908081,328.6288757324219,0.014384787529706955,10945023,-1
169.99916076660156,143.7080078125,2.769587278366089,158.75169372558594,0.01488172821700573,14615295,-1
170.4017791748047,232.76040649414062,3.989591360092163,77.07412719726562,0.029043087735772133,7602432,-1
170.5911407470703,78.41542053222656,48.37621307373047,226.66395568847656,0.05341372266411781,4260611,-1
171.5635528564453,186.03306579589844,2.0001277923583984,359.2624206542969,0.016866736114025116,7799295,-1
173.21376037597656,292.2198791503906,2.1211297512054443,310.14129638671875,0.019948821514844894,12059135,-1
173.59764099121094,183.24847412109375,5.22199821472168,168.2760467529297,0.03088311105966568,10355200,-1
174.47854614257812,192.01327514648438,6.195080280303955,94.80902099609375,0.014438045211136341,6030080,-1
174.53436279296875,275.91204833984375,2.3210031986236572,342.1095275878906,0.028517186641693115,1835775,-1
175.0906982421875,36.42183303833008,2.8688251972198486,245.0753173828125,0.04468449205160141,459775,-1
175.74685668945312,254.6984405517578,1.9879547357559204,299.0047607421875,0.02344880811870098,7340543,-1
175.8307342529297,233.06698608398438,2.0779454708099365,75.75009155273438,0.02784283272922039,10551807,-1
176.02044677734375,152.15020751953125,3.3152084350585938,186.28433227539062,0.014218996278941631,10945535,-1
176.18141174316406,291.13922119140625,2.307109832763672,302.90252685546875,0.03516685590147972,1377023,-1
176.36073303222656,271.6801452636719,5.906680583953857,174.0872344970703,0.01663241907954216,2556672,-1
176.45590209960938,143.5395965576172,108.5297622680664,232.931884765625,0.0728093683719635,12583684,-1
176.45590209960938,143.5395965576172,108.5297622680664,323.03192138671875,0.0728093683719635,12583684,-1
176.693115234375,108.49327850341797,2.5093326568603516,13.30487060546875,0.01992388628423214,7471871,-1
176.77679443359375,40.67086410522461,1.9833080768585205,53.33203125,0.019761016592383385,7209471,-1
177.8677215576172,270.51751708984375,1.9787333011627197,177.08412170410156,0.03543175384402275,7012863,-1
179.07423400878906,293.71820068359375,2.024786949157715,255.9177703857422,0.025877881795167923,8651263,-1
179.26077270507812,222.26400756835938,4.635417938232422,29.8577880859375,0.016920452937483788,1704448,-1
179.5458526611328,102.33219909667969,2.0581347942352295,356.5765686035156,0.019006945192813873,9830911,-1
179.90283203125,106.4457778930664,2.4307804107666016,6.3563232421875,0.018756238743662834,5178111,-1
180.10888671875,114.20513153076172,5.037075042724609,30.35455322265625,0.014197938144207,7733760,-1
181.38832092285156,36.36149978637695,7.539281368255615,253.67385864257812,0.032890427857637405,3473665,-1
181.87588500976562,143.1698760986328,3.3644134998321533,246.43829345703125,0.013599514961242676,11994111,-1
182.07130432128906,126.97914123535156,15.278544425964355,228.91404724121094,0.028858313336968422,4456706,-1
183.0289306640625,36.443538665771484,1.8623415231704712,57.1336669921875,0.017713114619255066,2621951,-1
183.09896850585938,230.4650115966797,1.9337314367294312,54.490631103515625,0.021403992548584938,5374463,-1
183.67730712890625,124.7514419555664,3.9412477016448975,103.1419677734375,0.027242561802268028,6684928,-1
183.67730712890625,124.7514419555664,3.9412477016448975,197.92344665527344,0.027242561802268028,6684928,-1
183.67730712890625,124.7514419555664,3.9412477016448975,247.52520751953125,0.027242561802268028,6684928,-1
185.28829956054688,232.39219665527344,2.043477773666382,54.574676513671875,0.023145664483308792,9372159,-1
187.47239685058594,108.28553009033203,10.639789581298828,20.992401123046875,0.0165383443236351,11665921,-1
187.79830932617188,88.47603607177734,11.981524467468262,329.1327209472656,0.0207393616437912,3605249,-1
188.93359375,238.8865966796875,3.1784913539886475,91.75973510742188,0.017489245161414146,7865343,-1
188.97625732421875,188.02296447753906,13.525538444519043,99.00250244140625,0.028449326753616333,12321537,-1
190.55397033691406,127.86463165283203,2.4581477642059326,200.79051208496094,0.022775162011384964,5964543,-1
190.67758178710938,67.99919891357422,2.0691099166870117,59.32061767578125,0.017485592514276505,10224127,-1
192.93716430664062,196.4515838623047,1.9108200073242188,99.16659545898438,0.0156412236392498,4456959,-1
193.25851440429688,340.056884765625,1.803601861000061,51.0576171875,0.019200444221496582,328191,-1
194.06443786621094,128.39370727539062,1.8343313932418823,170.15045166015625,0.051029905676841736,1507839,-1
194.4347686767578,46.16629409790039,1.840699553489685,13.360931396484375,0.018088361248373985,1769983,-1
194.9121551513672,303.1358337402344,3.7851455211639404,110.246826171875,0.02281399816274643,3801344,-1
194.9121551513672,303.1358337402344,3.7851455211639404,328.2518615722656,0.02281399816274643,3801344,-1
195.23362731933594,215.35910034179688,3.4424331188201904,233.96731567382812,0.016788193956017494,13632511,-1
196.19931030273438,74.19366455078125,2.5506181716918945,20.36456298828125,0.02205622009932995,8651519,-1
196.19931030273438,74.19366455078125,2.5506181716918945,212.75682067871094,0.02205622009932995,8651519,-1
196.28195190429688,217.0681610107422,7.440749645233154,12.323486328125,0.01636182703077793,2556161,-1
196.28195190429688,217.0681610107422,7.440749645233154,41.495391845703125,0.01636182703077793,2556161,-1
196.28195190429688,217.0681610107422,7.440749645233154,94.379638671875,0.01636182703077793,2556161,-1
196.64613342285156,101.91586303710938,2.0386948585510254,190.6967315673828,0.019818302243947983,9175551,-1
196.73545837402344,207.8986358642578,1.8518704175949097,251.24484252929688,0.01629193313419819,2228735,-1
197.55516052246094,109.72183990478516,2.6494061946868896,183.01573181152344,0.02248077467083931,11404031,-1
198.0469512939453,83.1192626953125,2.476289749145508,84.62557983398438,0.01619814522564411,6554367,-1
198.8657684326172,198.1686248779297,2.1577394008636475,115.37071228027344,0.014613816514611244,13304319,-1
199.49615478515625,75.69732666015625,2.3770456314086914,19.6397705078125,0.018801502883434296,3539711,-1
199.9632110595703,79.14636993408203,2.607106924057007,72.60302734375,0.018781179562211037,10224383,-1
200.7615509033203,34.74916076660156,2.795175313949585,71.49594116210938,0.018102042376995087,15270655,-1
200.80990600585938,73.5541000366211,9.76294994354248,339.0863952636719,0.01799635961651802,5505537,-1
201.86468505859375,48.46320343017578,1.9937419891357422,271.7133483886719,0.015143336728215218,7537151,-1
202.63348388671875,307.5720520019531,3.024867534637451,353.28802490234375,0.01889820210635662,4260863,-1
203.31285095214844,78.0754165649414,2.5940210819244385,63.889801025390625,0.0216978807002306,9896703,-1
204.47239685058594,92.09380340576172,1.82561194896698,248.49588012695312,0.022195875644683838,1180159,-1
205.34059143066406,98.77787780761719,13.093703269958496,320.0086364746094,0.0189066082239151,10027777,-1
205.66595458984375,213.6379852294922,1.9765704870224,343.2812194824219,0.017888041213154793,6947327,-1
206.3431854248047,43.92255401611328,8.299057006835938,325.65380859375,0.016482114791870117,10420481,-1
206.50059509277344,257.5511169433594,2.488142490386963,345.0826110839844,0.02099933661520481,6882047,-1
208.04673767089844,315.9882507324219,1.8288830518722534,25.99755859375,0.018069026991724968,1311231,-1
208.14181518554688,80.07566833496094,2.6941027641296387,39.895751953125,0.02292603999376297,12649215,-1
208.7771453857422,32.099037170410156,7.003021240234375,274.26031494140625,0.0363309383392334,14877440,-1
208.88648986816406,57.60948944091797,2.005955457687378,58.402435302734375,0.019644659012556076,7995903,-1
209.16879272460938,248.99964904785156,5.211174964904785,309.09124755859375,0.019190963357686996,10224128,-1
209.214599609375,254.17276000976562,1.9121168851852417,344.236083984375,0.021917475387454033,4522495,-1
211.0617218017578,120.9324951171875,2.120931386947632,289.3411560058594,0.01412952784448862,12059135,-1
211.2594757080078,242.02532958984375,2.999887466430664,49.523345947265625,0.01552761159837246,3671039,-1
213.2711944580078,100.4710464477539,1.890381097793579,48.410919189453125,0.017774658277630806,3736063,-1
213.3053741455078,114.93470764160156,1.8199747800827026,268.3103942871094,0.020796485245227814,983551,-1
214.06558227539062,284.1460876464844,3.712627410888672,278.617919921875,0.014527037739753723,2359552,-1
214.06558227539062,284.1460876464844,3.712627410888672,333.2008972167969,0.014527037739753723,2359552,-1
214.41290283203125,78.11150360107422,2.1304771900177,80.1741943359375,0.020522136241197586,12386815,-1
214.41290283203125,78.11150360107422,2.1304771900177,257.70989990234375,0.020522136241197586,12386815,-1
216.88717651367188,54.06776809692383,1.9574190378189087,55.766845703125,0.015196247026324272,6226431,-1
216.88717651367188,54.06776809692383,1.9574190378189087,240.29774475097656,0.015196247026324272,6226431,-1
217.55291748046875,172.86972045898438,54.04093551635742,91.37799072265625,0.059718627482652664,12256003,-1
217.55291748046875,172.86972045898438,54.04093551635742,322.3005676269531,0.059718627482652664,12256003,-1
217.6615753173828,130.21661376953125,1.9974104166030884,288.837158203125,0.015801047906279564,7668223,-1
218.58509826660156,120.38024139404297,2.004564046859741,309.96014404296875,0.028158025816082954,7930367,-1
218.8774871826172,140.24789428710938,2.137053966522217,343.70281982421875,0.014827651903033257,12583423,-1
218.98715209960938,71.72760772705078,1.8746166229248047,272.44122314453125,0.024155065417289734,3080703,-1
219.00668334960938,101.55489349365234,3.1026313304901123,293.9822082519531,0.01472796592861414,6095871,-1
219.5118865966797,232.04620361328125,2.3847479820251465,89.88946533203125,0.015608211047947407,3801855,-1
219.548828125,107.86808013916016,2.4944257736206055,222.59298706054688,0.015206288546323776,7078655,-1
219.548828125,107.86808013916016,2.4944257736206055,347.1828918457031,0.015206288546323776,7078655,-1
219.785400390625,75.10147094726562,1.94207763671875,269.9781494140625,0.019428126513957977,5636607,-1
221.0204315185547,33.030494689941406,5.516134262084961,286.8924560546875,0.029240546748042107,14287360,-1
221.1483917236328,46.809715270996094,3.9234092235565186,249.6519012451172,0.016390500590205193,6357248,-1
221.38662719726562,123.32331848144531,2.9443390369415283,293.76507568359375,0.017371824011206627,2360319,-1
221.38662719726562,123.32331848144531,2.9443390369415283,338.3038024902344,0.017371824011206627,2360319,-1
222.3060760498047,115.83146667480469,1.9813823699951172,107.38938903808594,0.01908371038734913,7078399,-1
223.1814422607422,114.2557373046875,4.063900947570801,89.06170654296875,0.017741762101650238,8913152,-1
223.1814422607422,114.2557373046875,4.063900947570801,347.7227783203125,0.017741762101650238,8913152,-1
224.07264709472656,246.3563232421875,1.9005491733551025,143.1920166015625,0.01731923408806324,4063743,-1
224.12059020996094,111.98239135742188,2.3851287364959717,303.19207763671875,0.015944931656122208,3801855,-1
224.12059020996094,111.98239135742188,2.3851287364959717,345.88861083984375,0.015944931656122208,3801855,-1
224.3414306640625,83.41995239257812,5.376936435699463,314.0823669433594,0.020698174834251404,12452352,-1
224.68565368652344,83.44819641113281,2.6033380031585693,316.8453674316406,0.020424719899892807,10158847,-1
224.90298461914062,312.1034240722656,2.1161811351776123,208.60304260253906,0.03558313474059105,11862527,-1
225.23597717285156,51.30030822753906,4.63025426864624,252.48727416992188,0.018933482468128204,1638912,-1
225.44276428222656,109.19221496582031,10.391345024108887,320.0784912109375,0.013606011867523193,9961985,-1
225.99830627441406,295.9521484375,2.4164998531341553,186.53822326660156,0.018447812646627426,4784895,-1
226.1226348876953,105.47827911376953,3.169360637664795,299.243408203125,0.016241809353232384,7668735,-1
227.26686096191406,105.86129760742188,4.124305248260498,299.4697265625,0.01598956435918808,10027264,-1
227.88677978515625,223.63119506835938,2.0733225345611572,142.36721801757812,0.029265346005558968,10420735,-1
227.8998565673828,248.50254821777344,1.8672516345977783,111.9361572265625,0.027754127979278564,2818559,-1
230.05645751953125,29.9564151763916,3.4463493824005127,290.30303955078125,0.017336903139948845,13698047,-1
230.45608520507812,266.946533203125,2.1598002910614014,204.33905029296875,0.014935826882719994,13369855,-1
231.06027221679688,231.09957885742188,2.3516252040863037,156.4740753173828,0.018756255507469177,2818815,-1
232.470947265625,133.27810668945312,3.770435333251953,302.1405334472656,0.016644392162561417,3539200,-1
232.6083984375,34.22232437133789,2.1847829818725586,289.49114990234375,0.023833051323890686,14156287,-1
233.26296997070312,360.38446044921875,1.8510338068008423,264.1915588378906,0.019667576998472214,2163199,-1
233.27398681640625,128.81959533691406,2.0378952026367188,92.83084106445312,0.01946929097175598,9110015,-1
233.27398681640625,128.81959533691406,2.0378952026367188,302.605712890625,0.01946929097175598,9110015,-1
233.5920867919922,112.69625854492188,2.18721866607666,71.31597900390625,0.019118204712867737,14287359,-1
233.60018920898438,357.8861389160156,2.226768732070923,263.3688049316406,0.02349037118256092,15532543,-1
234.93711853027344,294.9315185546875,2.048687696456909,199.63531494140625,0.021688498556613922,9503231,-1
236.6699981689453,272.5150451660156,4.026910305023193,190.1959991455078,0.020599402487277985,8257792,-1
237.01992797851562,265.5646057128906,4.039725303649902,186.70974731445312,0.02394356206059456,8519936,-1
237.64498901367188,359.8600158691406,1.8017390966415405,265.76983642578125,0.023737939074635506,262655,-1
238.2272186279297,110.37960815429688,2.4779698848724365,59.562744140625,0.016435367986559868,6554367,-1
238.2272186279297,110.37960815429688,2.4779698848724365,317.3673095703125,0.016435367986559868,6554367,-1
238.4203338623047,118.63246154785156,4.419421195983887,273.70513916015625,0.023789525032043457,15008000,-1
238.94654846191406,117.27638244628906,1.9737812280654907,28.57696533203125,0.029955459758639336,6816255,-1
238.94654846191406,117.27638244628906,1.9737812280654907,185.60951232910156,0.029955459758639336,6816255,-1
240.73426818847656,90.42694854736328,1.8818362951278687,317.60345458984375,0.0198611281812191,3408383,-1
240.8269805908203,137.85659790039062,2.4734060764312744,300.02490234375,0.022793447598814964,6423295,-1
241.28884887695312,35.615379333496094,1.9319788217544556,293.6787109375,0.018680619075894356,5308927,-1
241.422607421875,44.205448150634766,2.033128499984741,94.20504760742188,0.018600115552544594,8978943,-1
241.43626403808594,81.29023742675781,25.55984878540039,322.6316833496094,0.020900944247841835,8258306,-1
242.0387420654297,39.62327575683594,4.175757884979248,298.59100341796875,0.028033988550305367,10879232,-1
244.74908447265625,89.60567474365234,2.07877779006958,289.61370849609375,0.014832151122391224,10551807,-1
245.8533172607422,125.77722930908203,1.877348780632019,298.97491455078125,0.01782713085412979,3211775,-1
246.10118103027344,140.1577911376953,3.8743526935577393,295.723876953125,0.01512241456657648,5505280,-1
248.8948211669922,104.58983612060547,3.7799389362335205,288.17791748046875,0.013543021865189075,3670272,-1
249.59286499023438,49.934879302978516,1.8104132413864136,103.51995849609375,0.013770535588264465,590335,-1
250.0213623046875,152.5133056640625,3.982999801635742,272.248291015625,0.0322597436606884,7471360,-1
254.0238037109375,190.5377960205078,2.105208158493042,46.29998779296875,0.020896553993225098,11469311,-1
254.3113555908203,157.9669647216797,4.715641498565674,277.3838806152344,0.013609969057142735,2949632,-1
254.7066192626953,62.914974212646484,2.375159740447998,83.94854736328125,0.014129381626844406,3539711,-1
256.88446044921875,197.19029235839844,2.107546806335449,66.919921875,0.018146244809031487,11600383,-1
257.2703857421875,152.96641540527344,3.395723819732666,277.65887451171875,0.014929419383406639,12649471,-1
257.4577941894531,57.02446746826172,2.3573999404907227,106.92739868164062,0.01696394942700863,2949887,-1
257.9036865234375,46.32657241821289,1.9780950546264648,309.4416809082031,0.013674002140760422,7012863,-1
258.2852783203125,111.99578857421875,3.1705236434936523,257.4004821777344,0.014722559601068497,7668735,-1
259.9181213378906,126.46168518066406,2.287013292312622,68.0953369140625,0.018800785765051842,787199,-1
259.9181213378906,126.46168518066406,2.287013292312622,210.13653564453125,0.018800785765051842,787199,-1
260.2904052734375,53.71458435058594,4.272385120391846,311.7400817871094,0.021869516000151634,12517632,-1
260.4211120605469,172.6611785888672,3.5388596057891846,343.07958984375,0.015362905338406563,15664127,-1
261.4187316894531,212.66383361816406,25.904855728149414,31.5335693359375,0.05861688777804375,9241346,-1
261.9961242675781,59.472557067871094,2.0072104930877686,112.14433288574219,0.016021309420466423,8061439,-1
263.81573486328125,148.02285766601562,2.5624945163726807,237.34658813476562,0.013909160159528255,8979199,-1
263.8409729003906,101.87825012207031,2.652538537979126,79.46163940429688,0.015605775639414787,11469567,-1
263.8409729003906,101.87825012207031,2.652538537979126,249.43008422851562,0.015605775639414787,11469567,-1
265.7895202636719,125.45205688476562,4.365538597106934,319.8600158691406,0.015379216521978378,14090496,-1
268.4284973144531,125.83724975585938,2.020609140396118,27.2703857421875,0.01359824649989605,8520191,-1
268.4284973144531,125.83724975585938,2.020609140396118,307.47589111328125,0.01359824649989605,8520191,-1
268.54986572265625,250.4867401123047,2.6623375415802,261.30908203125,0.01654415763914585,11731711,-1
268.66278076171875,56.64497375488281,1.8123606443405151,312.385986328125,0.013576813973486423,655871,-1
269.0294494628906,63.31109619140625,6.177049160003662,320.02099609375,0.0169670507311821,5767936,-1
269.6240539550781,254.05352783203125,2.2396366596221924,255.3408203125,0.017559098079800606,15991295,-1
270.4082336425781,152.9617462158203,2.2102620601654053,26.72698974609375,0.027574775740504265,15008255,-1
270.66888427734375,127.5355224609375,1.9623804092407227,25.381195068359375,0.015753084793686867,6423039,-1
270.8963623046875,87.4261245727539,1.9670448303222656,260.0030517578125,0.014781210571527481,6554111,-1
271.8578186035156,158.70733642578125,3.819784164428711,39.5157470703125,0.015479831956326962,4456704,-1
271.8578186035156,158.70733642578125,3.819784164428711,282.61163330078125,0.015479831956326962,4456704,-1
272.3783874511719,138.33673095703125,5.995203971862793,16.698638916015625,0.024717921391129494,3605248,-1
273.3233947753906,273.3392028808594,1.9727941751480103,350.6131286621094,0.01364683173596859,6816255,-1
274.845458984375,148.71534729003906,5.013906002044678,24.5509033203125,0.03165820613503456,7406080,-1
274.845458984375,148.71534729003906,5.013906002044678,243.58975219726562,0.03165820613503456,7406080,-1
275.0899658203125,116.13438415527344,1.8498649597167969,61.433135986328125,0.02443034015595913,2163199,-1
275.0899658203125,116.13438415527344,1.8498649597167969,279.63006591796875,0.02443034015595913,2163199,-1
275.934814453125,142.02696228027344,1.8566265106201172,23.92340087890625,0.016134824603796005,2425343,-1
276.6043395996094,111.70923614501953,10.94500732421875,7.61370849609375,0.023514553904533386,13763073,-1
277.14581298828125,121.78429412841797,5.236730098724365,9.678802490234375,0.022724833339452744,10551808,-1
277.3216552734375,74.192138671875,3.343092441558838,333.82940673828125,0.024107320234179497,11535359,-1
277.4214172363281,137.80926513671875,1.9895851612091064,14.310302734375,0.023000646382570267,7406079,-1
279.1605529785156,152.7142333984375,2.860116958618164,240.4549102783203,0.03815818950533867,263167,-1
279.7216796875,71.01375579833984,2.223555326461792,331.04217529296875,0.013701420277357101,15467007,-1
280.0882263183594,156.3165283203125,2.014831304550171,85.3048095703125,0.02496039867401123,8323583,-1
280.1179504394531,116.64852142333984,2.8539416790008545,13.048370361328125,0.02276146411895752,66559,-1
281.64013671875,242.41647338867188,2.596834659576416,226.59414672851562,0.016992300748825073,9962239,-1
282.3948974609375,91.80905151367188,4.710846900939941,329.3356018066406,0.017959509044885635,2884096,-1
282.9449157714844,271.84710693359375,3.0398306846618652,319.3934631347656,0.019573751837015152,4654079,-1
283.1499328613281,124.95610809326172,5.379199504852295,8.655731201171875,0.022013962268829346,12517888,-1
284.0370788574219,230.16293334960938,2.4288394451141357,220.54971313476562,0.021307557821273804,5112575,-1
285.17901611328125,89.45262908935547,2.1314072608947754,339.4073791503906,0.017244623973965645,12386815,-1
285.4540710449219,287.5356140136719,67.98300170898438,58.992767333984375,0.08282511681318283,12124420,-1
285.9377136230469,231.3117218017578,8.2208890914917,238.27352905273438,0.015193171799182892,9765121,-1
286.3085021972656,145.7989501953125,3.9082963466644287,258.27728271484375,0.03079887479543686,6095104,-1
286.9685974121094,105.23078918457031,5.072890758514404,9.82794189453125,0.016475090757012367,8258048,-1
287.6478576660156,151.9113311767578,6.637660980224609,260.7051696777344,0.04830466955900192,11010816,-1
289.4783630371094,234.99449157714844,2.8345725536346436,3.3226318359375,0.01581997610628605,16319231,-1
289.6286926269531,298.5944519042969,1.9154853820800781,124.01190185546875,0.017911678180098534,4653567,-1
289.6286926269531,298.5944519042969,1.9154853820800781,312.15716552734375,0.017911678180098534,4653567,-1
290.0030517578125,145.87205505371094,1.9405025243759155,250.2199249267578,0.020544130355119705,5571071,-1
290.2370300292969,272.72381591796875,2.268129587173462,187.1096954345703,0.014744865708053112,197375,-1
290.98052978515625,168.0049285888672,12.896468162536621,0.5396728515625,0.03311798349022865,8913665,-1
293.46929931640625,342.3422546386719,4.927812099456787,248.69166564941406,0.032754868268966675,6160896,-1
294.1399230957031,181.67288208007812,2.434429407119751,307.69866943359375,0.014033918268978596,5309183,-1
294.6083679199219,264.956298828125,1.9828529357910156,342.86090087890625,0.013436260633170605,7143935,-1
296.4856872558594,345.1799011230469,1.8645403385162354,239.75894165039062,0.014118805527687073,2687487,-1
297.3982238769531,142.58958435058594,5.07431697845459,269.426513671875,0.023218883201479912,8258048,-1
297.7710266113281,225.3602752685547,3.236462116241455,337.6877136230469,0.02145777828991413,9176063,-1
298.35009765625,263.17462158203125,2.9863193035125732,220.3993682861328,0.019634712487459183,3343359,-1
298.35009765625,263.17462158203125,2.9863193035125732,347.96905517578125,0.019634712487459183,3343359,-1
299.46966552734375,147.84036254882812,3.30070161819458,267.2873229980469,0.030668066814541817,10617855,-1
303.3293762207031,228.5343017578125,2.8545901775360107,221.27561950683594,0.028228426352143288,66559,-1
304.2817687988281,195.87831115722656,10.997780799865723,127.71685791015625,0.017614558339118958,14090753,-1
305.0099182128906,146.71104431152344,2.6554791927337646,270.9423828125,0.027531154453754425,11600639,-1
305.4780578613281,143.5162353515625,2.4091079235076904,270.6402587890625,0.019527751952409744,4522751,-1
305.56597900390625,161.7170867919922,7.761202335357666,206.71273803710938,0.022580742835998535,5570817,-1
307.08929443359375,168.20716857910156,5.555600166320801,197.1322479248047,0.019467942416667938,14811648,-1
307.1510009765625,321.81512451171875,3.790456533432007,79.63812255859375,0.0147458640858531,3866880,-1
308.1418151855469,229.9951934814453,4.067037105560303,234.00265502929688,0.017172865569591522,8978688,-1
308.1418151855469,229.9951934814453,4.067037105560303,341.0495910644531,0.017172865569591522,8978688,-1
308.90972900390625,176.7125701904297,2.008216619491577,190.61373901367188,0.01944475807249546,8061439,-1
309.3396911621094,160.17442321777344,1.9094170331954956,158.9146270751953,0.028229543939232826,4456959,-1
310.22796630859375,235.9971923828125,2.0311737060546875,174.77825927734375,0.022859938442707062,8913407,-1
310.22796630859375,235.9971923828125,2.0311737060546875,323.49261474609375,0.022859938442707062,8913407,-1
310.7360534667969,241.48312377929688,4.816542148590088,329.04144287109375,0.013688678853213787,4522496,-1
310.8272399902344,249.73045349121094,2.431361198425293,219.14300537109375,0.0377030186355114,5178111,-1
311.0547180175781,167.38592529296875,2.0244014263153076,187.8456268310547,0.03110804781317711,8651263,-1
311.30108642578125,215.1197052001953,1.8914711475372314,311.6694030761719,0.015448760241270065,3736063,-1
312.31982421875,227.08950805664062,2.1412243843078613,346.2568054199219,0.013375597074627876,12714495,-1
312.37127685546875,232.30081176757812,2.474351644515991,354.8971862792969,0.018248317763209343,6488831,-1
312.601318359375,326.86383056640625,2.71815824508667,67.80511474609375,0.01479789987206459,13239039,-1
313.3993225097656,156.2541046142578,1.9721918106079102,262.4239501953125,0.01956072263419628,6750719,-1
313.3993225097656,156.2541046142578,1.9721918106079102,300.8565979003906,0.01956072263419628,6750719,-1
313.9853515625,186.9661865234375,2.34745192527771,100.67376708984375,0.03641260042786598,2687743,-1
314.2246398925781,192.27430725097656,1.933458685874939,30.6258544921875,0.017178161069750786,5308927,-1
314.2246398925781,192.27430725097656,1.933458685874939,136.2755584716797,0.017178161069750786,5308927,-1
314.4405517578125,201.83978271484375,2.1201331615448,149.25094604492188,0.020606035366654396,11993599,-1
314.8042297363281,259.5879211425781,6.995933532714844,313.641845703125,0.02029624953866005,14811904,-1
314.9681396484375,142.51287841796875,5.291686058044434,285.2803039550781,0.02054695412516594,11338240,-1
314.9934997558594,166.6665496826172,4.079652309417725,191.38465881347656,0.06708692014217377,9240832,-1
315.2943115234375,172.29164123535156,2.230652093887329,18.751373291015625,0.03545883670449257,15663615,-1
315.2943115234375,172.29164123535156,2.230652093887329,70.86248779296875,0.03545883670449257,15663615,-1
315.558837890625,141.95396423339844,6.314831256866455,287.77069091796875,0.020450761541724205,7406336,-1
319.1512145996094,268.7037048339844,2.4334475994110107,0.59576416015625,0.018805965781211853,5243647,-1
319.40142822265625,229.2891082763672,3.634654998779297,356.1627502441406,0.015152286738157272,852224,-1
319.7537536621094,237.96768188476562,2.7928378582000732,281.02191162109375,0.025442469865083694,15205119,-1
320.9444274902344,149.63853454589844,3.547450304031372,289.0586242675781,0.02998295985162258,15795199,-1
320.9554748535156,172.95730590820312,2.196718454360962,224.47598266601562,0.01979745179414749,14549503,-1
320.9554748535156,172.95730590820312,2.196718454360962,235.78421020507812,0.01979745179414749,14549503,-1
321.9802551269531,203.31321716308594,2.3323123455047607,302.7848815917969,0.029503116384148598,2163455,-1
323.1476745605469,175.6973876953125,24.459871292114258,299.03375244140625,0.053270790725946426,5047042,-1
323.3482666015625,233.41783142089844,3.5786125659942627,347.91778564453125,0.017315255478024483,16450559,-1
323.80767822265625,227.42532348632812,2.4096832275390625,0.01934814453125,0.017360735684633255,4522751,-1
323.80767822265625,227.42532348632812,2.4096832275390625,194.36441040039062,0.017360735684633255,4522751,-1
323.8638916015625,217.06675720214844,1.910649299621582,239.26934814453125,0.014621798880398273,4456959,-1
324.2088623046875,325.9242248535156,5.224515438079834,59.45318603515625,0.031691521406173706,10420736,-1
324.936767578125,193.1299591064453,4.794149875640869,81.24172973632812,0.0182742141187191,4194816,-1
324.98724365234375,210.9501953125,2.620757818222046,4.190338134765625,0.016586417332291603,10617599,-1
325.3255920410156,199.3442840576172,10.030082702636719,78.127685546875,0.018958209082484245,7406081,-1
327.6119079589844,185.8940887451172,2.5434627532958984,91.3189697265625,0.01896468549966812,8454911,-1
327.976318359375,252.05580139160156,3.867558002471924,329.86480712890625,0.021567044779658318,5374208,-1
329.3678283691406,315.21435546875,2.4936275482177734,55.1944580078125,0.020133379846811295,7013119,-1
329.4637756347656,157.10296630859375,1.8354244232177734,81.09368896484375,0.029597854241728783,1573375,-1
329.4637756347656,157.10296630859375,1.8354244232177734,234.30740356445312,0.029597854241728783,1573375,-1
329.5884094238281,153.93817138671875,2.024080276489258,79.952880859375,0.02546362765133381,8651263,-1
329.5884094238281,153.93817138671875,2.024080276489258,271.51654052734375,0.02546362765133381,8651263,-1
330.51641845703125,203.22483825683594,1.822524070739746,122.42156982421875,0.017911352217197418,1049087,-1
330.51641845703125,203.22483825683594,1.822524070739746,172.77520751953125,0.017911352217197418,1049087,-1
330.9599914550781,220.36802673339844,2.6500070095062256,343.75225830078125,0.01409444585442543,11404031,-1
330.987548828125,302.4316711425781,1.8026663064956665,49.4071044921875,0.013477490283548832,262655,-1
332.0708923339844,320.012451171875,5.383002758026123,56.788665771484375,0.03215949982404709,12583424,-1
333.7696228027344,197.84193420410156,2.65824556350708,59.12579345703125,0.02326720766723156,11666175,-1
335.51513671875,216.36985778808594,30.292789459228516,309.3748474121094,0.02169247902929783,3801347,-1
336.0545349121094,151.17147827148438,2.14103364944458,289.6733703613281,0.017022425308823586,12714495,-1
337.0183410644531,308.9161682128906,3.441870927810669,49.649383544921875,0.01613106019794941,13632511,-1
337.1345520019531,267.2136535644531,3.140299081802368,284.30389404296875,0.013345050625503063,7013375,-1
338.4718017578125,217.90953063964844,3.7208080291748047,7.07867431640625,0.01857847161591053,2556160,-1
338.4718017578125,217.90953063964844,3.7208080291748047,218.73036193847656,0.01857847161591053,2556160,-1
339.4632873535156,307.96417236328125,1.9981969594955444,49.489013671875,0.016259947791695595,7733759,-1
340.1920166015625,203.14138793945312,2.418282985687256,92.18026733398438,0.015675891190767288,4784895,-1
340.1920166015625,203.14138793945312,2.418282985687256,338.6036376953125,0.015675891190767288,4784895,-1
341.7478332519531,272.2461853027344,8.420315742492676,9.07574462890625,0.022346407175064087,11469057,-1
341.7478332519531,272.2461853027344,8.420315742492676,342.6749572753906,0.022346407175064087,11469057,-1
343.20343017578125,157.63059997558594,1.8655380010604858,301.2552185058594,0.032561447471380234,2753023,-1
344.14727783203125,259.6867370605469,2.3716042041778564,234.39720153808594,0.01498833391815424,3408639,-1
344.14727783203125,259.6867370605469,2.3716042041778564,270.53131103515625,0.01498833391815424,3408639,-1
344.4083557128906,208.33518981933594,2.6390926837921143,311.3852844238281,0.01892797090113163,11141887,-1
348.16168212890625,164.05618286132812,6.235812664031982,318.904052734375,0.016301624476909637,6488832,-1
348.323974609375,253.8651123046875,2.4154021739959717,314.04107666015625,0.019197402521967888,4719359,-1
352.3785705566406,281.9444580078125,1.9757492542266846,37.077392578125,0.018564768135547638,6881791,-1
355.5141296386719,240.88906860351562,2.7412359714508057,187.4266815185547,0.018242603167891502,13894399,-1
355.74462890625,295.7586364746094,3.9287021160125732,29.962493896484375,0.021732183173298836,6488320,-1
356.5945129394531,267.3075866699219,2.426165819168091,10.746124267578125,0.02060999535024166,5047039,-1
356.5945129394531,267.3075866699219,2.426165819168091,210.71484375,0.02060999535024166,5047039,-1
357.8465576171875,260.61328125,1.817119836807251,238.17486572265625,0.013908756896853447,852479,-1
358.4963684082031,175.533203125,2.164463520050049,157.97207641601562,0.013572894968092442,13500927,-1
358.4963684082031,175.533203125,2.164463520050049,285.97509765625,0.013572894968092442,13500927,-1
359.02154541015625,240.1229248046875,2.5349621772766113,188.47842407226562,0.020322954282164574,8192767,-1
359.2413635253906,248.17074584960938,1.8832800388336182,357.23553466796875,0.01818080246448517,3408383,-1
359.4731140136719,298.07318115234375,1.8311785459518433,26.387359619140625,0.01674262434244156,1376767,-1
359.69842529296875,269.4981994628906,8.246943473815918,20.9560546875,0.020833183079957962,9961729,-1
360.9886779785156,254.93162536621094,1.8444702625274658,11.000640869140625,0.017925072461366653,1901055,-1
360.9886779785156,254.93162536621094,1.8444702625274658,212.52951049804688,0.017925072461366653,1901055,-1
361.98333740234375,252.380859375,2.1418051719665527,8.1632080078125,0.017286188900470734,12714495,-1
363.19580078125,275.20654296875,2.035552740097046,24.99554443359375,0.015213788487017155,9044479,-1
363.7053527832031,255.6726531982422,2.1860835552215576,7.22332763671875,0.02114211767911911,14221823,-1
364.1800231933594,178.9723358154297,1.8028564453125,328.44366455078125,0.022330565378069878,262655,-1
364.6723937988281,244.66110229492188,15.663264274597168,6.598358154296875,0.023652244359254837,6226178,-1
365.6341247558594,205.05113220214844,1.8172308206558228,131.0503387451172,0.015894655138254166,852479,-1
366.4571838378906,207.79879760742188,3.285001039505005,193.40972900390625,0.0199486892670393,10224639,-1
366.9365539550781,202.84535217285156,1.8190406560897827,131.79977416992188,0.020160384476184845,918015,-1
368.9088134765625,189.13809204101562,2.1178367137908936,336.72296142578125,0.019328663125634193,11928063,-1
371.8163757324219,224.91476440429688,1.9840748310089111,161.54678344726562,0.016326526179909706,7209471,-1
372.0895690917969,212.86647033691406,8.702788352966309,348.50384521484375,0.019145462661981583,13893889,-1
374.1344299316406,226.07644653320312,5.0936808586120605,1.78021240234375,0.027609026059508324,8585728,-1
376.94305419921875,207.1451873779297,2.2785494327545166,347.6612854003906,0.01578580215573311,525055,-1
