4.670653343200684,391.56549072265625,3.091017246246338,156.45729064941406,0.04697224497795105,5833727,-1
4.670653343200684,391.56549072265625,3.091017246246338,191.43289184570312,0.04697224497795105,5833727,-1
5.900262832641602,387.1344299316406,2.6421358585357666,147.13255310058594,0.0781414583325386,11207423,-1
5.900262832641602,387.1344299316406,2.6421358585357666,287.6114196777344,0.0781414583325386,11207423,-1
6.210218906402588,395.8511962890625,2.3815534114837646,199.64431762695312,0.07886555045843124,3670783,-1
10.261058807373047,386.3443908691406,2.3995468616485596,259.39825439453125,0.042798470705747604,4260607,-1
10.261058807373047,386.3443908691406,2.3995468616485596,285.5362854003906,0.042798470705747604,4260607,-1
10.399192810058594,390.8161315917969,6.768603801727295,173.73544311523438,0.08026490360498428,12387072,-1
10.399192810058594,390.8161315917969,6.768603801727295,272.64263916015625,0.08026490360498428,12387072,-1
10.399192810058594,390.8161315917969,6.768603801727295,349.60919189453125,0.08026490360498428,12387072,-1
12.74860668182373,283.3021240234375,2.675668478012085,169.4569091796875,0.08248548209667206,12124927,-1
13.85263442993164,387.8823547363281,2.4637973308563232,16.69561767578125,0.07805812358856201,6161151,-1
14.811159133911133,257.8281555175781,2.1427199840545654,301.2247314453125,0.01933068037033081,12780031,-1
14.837252616882324,395.9428405761719,2.760671377182007,339.0390625,0.07250996679067612,14418687,-1
15.378747940063477,267.8492431640625,10.010513305664062,179.95803833007812,0.0556291826069355,7275009,-1
15.78115463256836,391.427734375,2.823852300643921,335.59344482421875,0.039926670491695404,15991551,-1
17.972482681274414,194.6749267578125,4.804018974304199,180.75076293945312,0.03689156845211983,4325888,-1
21.1079044342041,249.24908447265625,6.4369683265686035,209.93284606933594,0.051714472472667694,8782592,-1
21.72191619873047,164.73275756835938,3.9995102882385254,259.4747009277344,0.019645091146230698,7799040,-1
24.964805603027344,214.7799530029297,3.9291768074035645,124.34980773925781,0.04622970521450043,6488320,-1
24.980545043945312,262.2698059082031,23.133031845092773,119.65989685058594,0.05005030333995819,1049346,-1
26.782194137573242,177.7050018310547,13.23985481262207,183.61083984375,0.0575876422226429,10814209,-1
27.84510040283203,265.0120544433594,1.9635661840438843,297.4171142578125,0.016971880570054054,6423039,-1
29.043729782104492,180.49241638183594,16.428951263427734,184.84732055664062,0.057266443967819214,9699586,-1
29.586585998535156,235.10324096679688,2.536410331726074,249.64430236816406,0.02175479754805565,8258303,-1
32.66838836669922,228.5634765625,10.730010032653809,124.24787902832031,0.04290128871798515,12321281,-1
36.355533599853516,276.8721008300781,1.835892677307129,119.94215393066406,0.0531885027885437,1573375,-1
38.76873016357422,270.5643615722656,2.146106243133545,299.3348388671875,0.0166152473539114,12911103,-1
39.28826904296875,194.89064025878906,32.020957946777344,253.44602966308594,0.05876471474766731,7799043,-1
43.816410064697266,179.0782470703125,2.194221019744873,289.45709228515625,0.03195853903889656,14483967,-1
45.272918701171875,228.77760314941406,2.814804792404175,110.14797973632812,0.04822882264852524,15794943,-1
46.95096969604492,282.4687194824219,1.831497073173523,119.8447265625,0.053354255855083466,1442303,-1
53.92832946777344,286.06390380859375,2.173759698867798,119.48025512695312,0.047672089189291,13828607,-1
69.3060073852539,294.0965576171875,2.0385165214538574,119.81350708007812,0.05145321786403656,9175551,-1
75.62876892089844,297.40399169921875,2.0969903469085693,119.73788452148438,0.04984172061085701,11207167,-1
77.8955307006836,241.79638671875,30.95191764831543,71.39736938476562,0.016920259222388268,5374211,-1
78.4369888305664,166.30128479003906,2.148798942565918,249.85394287109375,0.022346023470163345,12976639,-1
78.5332260131836,291.20159912109375,1.847885012626648,299.8868713378906,0.017524998635053635,2032127,-1
80.52656555175781,168.10105895996094,1.8271316289901733,249.60379028320312,0.0389477014541626,1245695,-1
81.48147583007812,292.6468505859375,1.9892425537109375,299.4870300292969,0.01890707202255726,7406079,-1
88.78692626953125,304.3464660644531,2.1663031578063965,119.37945556640625,0.049007266759872437,13566463,-1
93.20693969726562,309.2784118652344,1.8848322629928589,119.10226440429688,0.0401693657040596,3473919,-1
94.85700225830078,339.1588134765625,28.24898338317871,116.57478332519531,0.019282251596450806,15467266,-1
101.42950439453125,139.8115692138672,3.3407578468322754,250.24151611328125,0.015394888818264008,11469823,-1
102.54190826416016,303.6146240234375,1.9755834341049194,299.75323486328125,0.01863357052206993,6881791,-1
104.80551147460938,312.80401611328125,1.886379599571228,119.84901428222656,0.04942193627357483,3539455,-1
118.83451080322266,241.8172607421875,46.11955642700195,70.44790649414062,0.01724366657435894,787203,-1
121.93031311035156,316.1753845214844,1.8302549123764038,298.2101135253906,0.01644168607890606,1376767,-1
122.18090057373047,148.32180786132812,6.614134311676025,257.2422790527344,0.015238647349178791,10748672,-1
124.33959197998047,323.0308532714844,2.07853364944458,118.43450927734375,0.0548318512737751,10551807,-1
124.60584259033203,326.11578369140625,2.1213219165802,120.22256469726562,0.04111268371343613,12059135,-1
124.63285064697266,314.87615966796875,1.911708116531372,295.9919128417969,0.03319593518972397,4522495,-1
127.14498901367188,313.3464050292969,2.064175605773926,298.26580810546875,0.05104346200823784,10093055,-1
127.48969268798828,312.6970520019531,39.53414535522461,73.37066650390625,0.04270881786942482,6357507,-1
127.48969268798828,312.6970520019531,39.53414535522461,109.34112548828125,0.04270881786942482,6357507,-1
127.59807586669922,161.5208740234375,13.605392456054688,282.4978332519531,0.02869529277086258,12780289,-1
127.63359832763672,175.55093383789062,41.442447662353516,260.93621826171875,0.05189990997314453,9765379,-1
128.07296752929688,137.07708740234375,6.021266460418701,265.6375732421875,0.020288992673158646,3932928,-1
130.46499633789062,195.2440643310547,6.7842326164245605,81.86810302734375,0.028489308431744576,12583680,-1
131.19155883789062,311.13995361328125,3.5426571369171143,89.6512451171875,0.0746895968914032,15729663,-1
131.38197326660156,328.03436279296875,16.741182327270508,55.317718505859375,0.0375436507165432,11075842,-1
131.38197326660156,328.03436279296875,16.741182327270508,121.23191833496094,0.0375436507165432,11075842,-1
131.55282592773438,132.67498779296875,2.662648916244507,287.826171875,0.014094584621489048,11797247,-1
132.14382934570312,291.8382568359375,9.381163597106934,285.1080627441406,0.018952548503875732,2621953,-1
132.23779296875,348.6082763671875,3.256791830062866,157.65823364257812,0.07301818579435349,9634815,-1
134.11502075195312,196.9303436279297,2.1421892642974854,69.608642578125,0.024224579334259033,12780031,-1
138.5435791015625,314.60150146484375,2.1579277515411377,244.4879150390625,0.02812863700091839,13304319,-1
139.29986572265625,322.9570617675781,2.4684762954711914,63.477142333984375,0.05749843269586563,6292223,-1
140.02569580078125,338.4290771484375,6.129742622375488,21.0643310546875,0.023569833487272263,5243648,-1
142.18980407714844,318.267822265625,1.8173065185546875,243.40835571289062,0.021504580974578857,852479,-1
142.1964569091797,310.02392578125,6.998793125152588,61.2547607421875,0.03637605905532837,14811904,-1
144.11009216308594,312.3360595703125,1.8249915838241577,243.1304931640625,0.020182831212878227,1180159,-1
145.5736846923828,198.2303466796875,7.469820499420166,68.9561767578125,0.01802218146622181,2818305,-1
145.74740600585938,194.95925903320312,2.746818780899048,74.78244018554688,0.02181144803762436,14025471,-1
146.87796020507812,335.6065368652344,12.765921592712402,51.68743896484375,0.024695994332432747,8192769,-1
148.0129852294922,158.3585205078125,1.9909117221832275,289.90057373046875,0.031143922358751297,7471615,-1
148.7215576171875,144.4059600830078,7.416928291320801,287.659912109375,0.018725231289863586,2294017,-1
149.38221740722656,187.71449279785156,7.45571231842041,65.07546997070312,0.025240298360586166,2687233,-1
149.71217346191406,314.5163269042969,1.8690017461776733,240.7604217529297,0.016764385625720024,2884095,-1
149.7526397705078,193.04559326171875,1.8054784536361694,67.70095825195312,0.026489797979593277,393727,-1
151.78598022460938,307.7386169433594,2.554989814758301,241.3511199951172,0.0169513039290905,8782591,-1
161.348876953125,309.0379333496094,1.8415231704711914,243.6710968017578,0.018480895087122917,1835519,-1
161.3539276123047,195.78382873535156,14.05643367767334,69.30419921875,0.01549615804105997,15139585,-1
161.906494140625,145.9662322998047,2.974371910095215,290.20697021484375,0.014442892745137215,3081215,-1
164.04209899902344,301.9227600097656,2.3426473140716553,243.67340087890625,0.01900966465473175,2491135,-1
171.38356018066406,130.43685913085938,36.52157211303711,260.9972229003906,0.037258680909872055,655875,-1
171.56333923339844,298.5048828125,2.1122212409973145,240.52789306640625,0.01619376428425312,11731455,-1
172.5493621826172,180.86163330078125,1.96096670627594,76.849609375,0.0202341191470623,6357503,-1
174.37220764160156,183.28346252441406,2.5257632732391357,80.1024169921875,0.021648800000548363,7930623,-1
178.87649536132812,294.5620422363281,2.4077696800231934,241.47079467773438,0.016873924061655998,4522751,-1
182.17552185058594,148.4068603515625,2.5006513595581055,227.54757690429688,0.02969427779316902,7209727,-1
183.29800415039062,182.38909912109375,2.3807883262634277,75.35690307617188,0.026587925851345062,3670783,-1
183.29800415039062,182.38909912109375,2.3807883262634277,289.898193359375,0.026587925851345062,3670783,-1
184.7187957763672,150.33209228515625,2.221465826034546,226.1280517578125,0.06530395895242691,15401471,-1
192.01856994628906,288.284423828125,1.8396685123443604,245.09271240234375,0.018686391413211823,1769983,-1
196.923095703125,157.49139404296875,2.9893014430999756,107.41426086425781,0.049712877720594406,3408895,-1
196.923095703125,157.49139404296875,2.9893014430999756,242.16921997070312,0.049712877720594406,3408895,-1
198.14625549316406,157.48695373535156,2.2226438522338867,109.10671997070312,0.050618696957826614,15401471,-1
198.14625549316406,157.48695373535156,2.2226438522338867,247.6129150390625,0.050618696957826614,15401471,-1
198.48463439941406,140.03953552246094,2.1271586418151855,240.515869140625,0.037146296352148056,12255743,-1
199.8795166015625,169.8242950439453,2.0952775478363037,65.13104248046875,0.01450413465499878,11141631,-1
200.4436492919922,172.56201171875,2.1492505073547363,62.85711669921875,0.014433491043746471,12976639,-1
200.9534454345703,165.1221466064453,7.983798980712891,65.60549926757812,0.02129608765244484,7667969,-1
203.74049377441406,194.7436981201172,2.2835490703582764,110.82582092285156,0.01635734736919403,656127,-1
205.15106201171875,190.22216796875,9.343826293945312,307.24017333984375,0.013360713608562946,2294273,-1
206.6614227294922,190.10891723632812,2.019347906112671,293.4390869140625,0.01924877054989338,8454655,-1
208.36802673339844,280.3094787597656,1.8356126546859741,244.9840545654297,0.017687184736132622,1573375,-1
208.70407104492188,168.53421020507812,2.2544314861297607,72.37838745117188,0.01622123271226883,16450047,-1
210.77035522460938,134.92318725585938,3.329496145248413,250.57713317871094,0.036922432482242584,11207679,-1
218.8494415283203,177.40957641601562,15.061264038085938,106.69664001464844,0.023872893303632736,3408130,-1
220.06565856933594,168.97854614257812,2.464416265487671,105.78605651855469,0.016176266595721245,6161151,-1
222.0391082763672,194.9481658935547,2.5233170986175537,240.01612854003906,0.019849220290780067,7865087,-1
223.21775817871094,166.60191345214844,2.8986499309539795,106.67742919921875,0.01878366246819496,1180671,-1
223.3861541748047,166.1172332763672,3.8227086067199707,107.50216674804688,0.018422294408082962,4522240,-1
224.4317169189453,279.9913635253906,2.228214979171753,61.03619384765625,0.0417136549949646,15598079,-1
225.53074645996094,193.25704956054688,2.6746280193328857,236.73590087890625,0.01796145737171173,12124927,-1
228.60537719726562,195.44662475585938,2.5372073650360107,60.973785400390625,0.03824642300605774,8258303,-1
228.60537719726562,195.44662475585938,2.5372073650360107,237.28982543945312,0.03824642300605774,8258303,-1
230.81468200683594,174.78700256347656,6.4100518226623535,117.88499450683594,0.019243011251091957,8454912,-1
238.4693145751953,184.98655700683594,2.236834764480591,240.2432098388672,0.014079613611102104,15860223,-1
240.04100036621094,189.7564697265625,4.1195807456970215,57.39923095703125,0.02547798678278923,9896192,-1
240.04100036621094,189.7564697265625,4.1195807456970215,238.77334594726562,0.02547798678278923,9896192,-1
241.84231567382812,173.80560302734375,5.001606464385986,111.76985168457031,0.01725817658007145,7209472,-1
242.83665466308594,273.6203308105469,1.9964836835861206,60.608123779296875,0.02654028683900833,7668223,-1
243.23338317871094,191.62664794921875,2.225973129272461,57.71868896484375,0.017008844763040543,15532543,-1
243.71853637695312,182.86325073242188,2.116848945617676,247.44851684570312,0.017825838178396225,11862527,-1
243.86749267578125,206.01715087890625,2.0359790325164795,111.04804992675781,0.031152278184890747,9044479,-1
243.86749267578125,206.01715087890625,2.0359790325164795,290.98345947265625,0.031152278184890747,9044479,-1
244.1791534423828,203.58872985839844,1.8283318281173706,289.7674560546875,0.021424461156129837,1311231,-1
245.67530822753906,209.8129425048828,2.3564014434814453,109.04600524902344,0.016717294231057167,2949887,-1
246.60443115234375,192.05569458007812,4.866068363189697,56.33929443359375,0.018282944336533546,5243392,-1
248.15518188476562,180.11363220214844,3.2108819484710693,103.64248657226562,0.032629624009132385,8586239,-1
248.15518188476562,180.11363220214844,3.2108819484710693,240.83563232421875,0.032629624009132385,8586239,-1
251.30450439453125,186.33383178710938,1.867019534111023,60.368316650390625,0.021612023934721947,2818559,-1
251.77232360839844,258.5166931152344,1.8959821462631226,239.83837890625,0.018440160900354385,3932671,-1
254.28179931640625,264.9771423339844,2.2338473796844482,61.15869140625,0.04145818576216698,15794687,-1
260.4382629394531,254.3884735107422,1.9726167917251587,241.24053955078125,0.01993521861732006,6816255,-1
265.73553466796875,208.03378295898438,112.98027801513672,80.85543823242188,0.05798466503620148,15467268,-1
265.73553466796875,208.03378295898438,112.98027801513672,292.7460632324219,0.05798466503620148,15467268,-1
266.9553527832031,193.32205200195312,15.772875785827637,90.1400146484375,0.021997448056936264,6750466,-1
270.8356628417969,247.09115600585938,5.552628993988037,235.64434814453125,0.03746182844042778,14811648,-1
271.964599609375,255.999755859375,2.0211246013641357,62.614898681640625,0.04028363153338432,8520191,-1
275.3933410644531,186.6336669921875,2.0298683643341064,110.177734375,0.014478741213679314,8847871,-1
275.6803894042969,214.39195251464844,2.0900180339813232,57.51458740234375,0.028321435675024986,10945023,-1
275.6803894042969,214.39195251464844,2.0900180339813232,230.3015594482422,0.028321435675024986,10945023,-1
276.0337219238281,249.40176391601562,1.938399314880371,207.38912963867188,0.01566646620631218,5505535,-1
278.88543701171875,185.43443298339844,1.9284992218017578,110.54229736328125,0.01617482863366604,5177855,-1
278.9388122558594,188.0795440673828,2.0368616580963135,110.48834228515625,0.015244316309690475,9110015,-1
280.42071533203125,257.21160888671875,12.186690330505371,83.37396240234375,0.03646915778517723,4784897,-1
280.6263732910156,191.38087463378906,5.804399490356445,126.36589050292969,0.01837591826915741,1311488,-1
282.5492858886719,261.782470703125,2.5431430339813232,59.969818115234375,0.025364279747009277,8454911,-1
290.1852111816406,190.87953186035156,4.2670207023620605,126.84309387207031,0.016772732138633728,12452096,-1
290.79644775390625,189.75491333007812,6.565260410308838,124.986328125,0.01706266775727272,10224384,-1
291.6622009277344,256.9089050292969,1.8753174543380737,60.24420166015625,0.022851696237921715,3146239,-1
292.01702880859375,204.44064331054688,2.504688024520874,62.242950439453125,0.02184949815273285,7340799,-1
292.01702880859375,204.44064331054688,2.504688024520874,244.12420654296875,0.02184949815273285,7340799,-1
292.08892822265625,270.5538330078125,13.120455741882324,86.93038940429688,0.02859797142446041,10158849,-1
292.50189208984375,272.8743591308594,15.387054443359375,90.105224609375,0.028478998690843582,4980994,-1
293.6898498535156,212.96298217773438,7.708883762359619,79.61199951171875,0.017312562093138695,5112065,-1
293.6898498535156,212.96298217773438,7.708883762359619,236.366455078125,0.017312562093138695,5112065,-1
295.861083984375,280.7455749511719,23.812536239624023,95.84841918945312,0.02799144759774208,3146498,-1
298.34033203125,197.90611267089844,3.371037721633911,109.90475463867188,0.03143411874771118,12125183,-1
298.34033203125,197.90611267089844,3.371037721633911,239.8433074951172,0.03143411874771118,12125183,-1
298.5086669921875,202.5878143310547,3.1569535732269287,101.43988037109375,0.026911668479442596,7406591,-1
298.5086669921875,202.5878143310547,3.1569535732269287,239.6470489501953,0.026911668479442596,7406591,-1
299.9842529296875,206.09420776367188,2.1989095211029053,102.55459594726562,0.017435891553759575,14615039,-1
300.0245056152344,213.3687744140625,1.8977564573287964,289.76226806640625,0.04078700765967369,3998207,-1
301.9139099121094,222.525146484375,9.810111045837402,290.220703125,0.019798986613750458,5833217,-1
306.8949890136719,201.95741271972656,7.412820339202881,69.51638793945312,0.0329960435628891,2294017,-1
307.5088806152344,204.12591552734375,4.681408405303955,70.54959106445312,0.033929478377103806,2425344,-1
310.3053283691406,180.726318359375,31.317014694213867,313.1638488769531,0.04949844256043434,6226179,-1
320.4848937988281,220.2840118408203,2.052865743637085,289.8819885253906,0.04542339965701103,9699839,-1
323.0625,210.8982696533203,15.475847244262695,295.8043518066406,0.040778592228889465,5374210,-1
323.23052978515625,201.3301544189453,2.1221370697021484,64.68368530273438,0.02793624810874462,12059135,-1
341.642333984375,196.07949829101562,10.880666732788086,322.69964599609375,0.04718616604804993,13304321,-1
342.7688293457031,228.03494262695312,1.8932946920394897,289.96923828125,0.04684534668922424,3801599,-1
351.03118896484375,259.4038391113281,43.31501388549805,90.63372802734375,0.05518251657485962,12976643,-1
352.4407958984375,207.161865234375,2.1406924724578857,102.31549072265625,0.017169035971164703,12714495,-1
359.0727233886719,288.4674987792969,1.8256323337554932,99.19741821289062,0.045963265001773834,1180159,-1
359.8284912109375,283.2795104980469,9.76873779296875,71.13040161132812,0.044707346707582474,5505537,-1
359.8284912109375,283.2795104980469,9.76873779296875,95.53500366210938,0.044707346707582474,5505537,-1
360.3944396972656,234.1259307861328,2.009734869003296,289.2814025878906,0.04618559405207634,8126975,-1
363.3856506347656,235.11917114257812,1.8689161539077759,279.778564453125,0.041192349046468735,2884095,-1
371.9659118652344,228.8620147705078,1.868655800819397,239.8399200439453,0.024700086563825607,2884095,-1
386.35357666015625,272.92144775390625,2.4393701553344727,50.177581787109375,0.04105416685342789,5440255,-1
386.7495422363281,213.3856658935547,8.060688972473145,282.5813903808594,0.01514363382011652,8323329,-1
387.8876037597656,214.7039337158203,6.255836009979248,281.2969055175781,0.015185733325779438,6685440,-1
389.6726379394531,215.98269653320312,4.2579240798950195,279.9331359863281,0.014994700439274311,12321024,-1
391.57037353515625,220.7700653076172,1.8913487195968628,4.079437255859375,0.07195015996694565,3736063,-1
