66.28157806396484,132.30697631835938,2.518885374069214,230.26759338378906,0.03404541313648224,7734015,-1
71.28087615966797,259.1515197753906,6.415768623352051,180.13710021972656,0.04677955433726311,8520448,-1
71.32425689697266,144.06185913085938,1.959112524986267,88.14031982421875,0.026563456282019615,6291967,-1
71.41242980957031,127.40901184082031,3.3868584632873535,225.91734313964844,0.03584349900484085,12452863,-1
71.4310073852539,131.62088012695312,2.0924975872039795,229.91558837890625,0.034477829933166504,11076095,-1
72.03685760498047,140.06507873535156,11.007180213928223,185.63340759277344,0.06946887075901031,14156289,-1
72.05545043945312,260.44439697265625,7.728446960449219,180.01112365722656,0.04617210477590561,5308673,-1
72.37310028076172,171.99783325195312,2.0212860107421875,178.08016967773438,0.026817990466952324,8520191,-1
72.83057403564453,184.28077697753906,2.132462501525879,178.9945831298828,0.027418548241257668,12452351,-1
74.02717590332031,226.2151336669922,1.8408937454223633,179.98492431640625,0.021266648545861244,1769983,-1
75.55961608886719,166.49163818359375,16.46770477294922,180.59182739257812,0.05772458016872406,9896194,-1
76.59712982177734,126.5645523071289,2.125960111618042,264.9425048828125,0.06611984223127365,12190207,-1
76.83244323730469,154.21478271484375,3.010563373565674,312.7743225097656,0.03010728769004345,3933183,-1
77.47005462646484,240.537841796875,16.42824935913086,179.81991577148438,0.05626697093248367,9699586,-1
78.47936248779297,184.71585083007812,2.394247055053711,346.96868896484375,0.026592163369059563,4063999,-1
79.55528259277344,176.9503631591797,1.961661696434021,22.87744140625,0.02877744846045971,6357503,-1
79.55528259277344,176.9503631591797,1.961661696434021,184.41619873046875,0.02877744846045971,6357503,-1
79.80347442626953,202.8994598388672,22.400592803955078,180.0035400390625,0.057049430906772614,15401474,-1
80.65498352050781,213.51663208007812,2.6699841022491455,221.9654998779297,0.016855889931321144,11993855,-1
80.6822509765625,174.65618896484375,2.6262946128845215,20.05389404296875,0.03200795501470566,10748671,-1
80.6886215209961,148.9731903076172,4.507022380828857,91.84970092773438,0.06324516981840134,16384256,-1
81.89498138427734,170.86692810058594,2.3144445419311523,64.01699829101562,0.046077631413936615,1639167,-1
81.89498138427734,170.86692810058594,2.3144445419311523,146.2118682861328,0.046077631413936615,1639167,-1
81.89498138427734,170.86692810058594,2.3144445419311523,315.51361083984375,0.046077631413936615,1639167,-1
81.89498138427734,170.86692810058594,2.3144445419311523,335.53729248046875,0.046077631413936615,1639167,-1
82.98571014404297,167.20828247070312,1.9413341283798218,116.97750854492188,0.016280140727758408,5636607,-1
82.98571014404297,167.20828247070312,1.9413341283798218,237.8216094970703,0.016280140727758408,5636607,-1
84.61811065673828,175.9889678955078,3.156397819519043,16.014739990234375,0.022123292088508606,7341055,-1
84.7466812133789,182.5561981201172,1.8908003568649292,57.71356201171875,0.018202554434537888,3736063,-1
84.99658203125,186.69923400878906,4.500262260437012,250.02072143554688,0.04324782267212868,16318720,-1
84.99658203125,186.69923400878906,4.500262260437012,327.6630554199219,0.04324782267212868,16318720,-1
86.1105728149414,231.02114868164062,3.6792092323303223,319.1654052734375,0.030540384352207184,1769728,-1
86.62861633300781,168.0198211669922,4.096090793609619,59.309356689453125,0.02777218446135521,9502976,-1
86.91653442382812,214.19778442382812,2.0241615772247314,41.40234375,0.03102167509496212,8651263,-1
86.91653442382812,214.19778442382812,2.0241615772247314,150.96975708007812,0.03102167509496212,8651263,-1
87.55016326904297,195.45709228515625,2.053307294845581,288.00189208984375,0.021578572690486908,9699839,-1
88.68624114990234,197.96038818359375,4.427165508270264,279.57421875,0.019437067210674286,15139072,-1
89.653076171875,215.40782165527344,1.8349684476852417,43.371856689453125,0.0249224491417408,1573375,-1
90.45658874511719,212.03573608398438,1.8799402713775635,52.519500732421875,0.031154215335845947,3277311,-1
90.45658874511719,212.03573608398438,1.8799402713775635,168.49142456054688,0.031154215335845947,3277311,-1
90.45658874511719,212.03573608398438,1.8799402713775635,350.3347473144531,0.031154215335845947,3277311,-1
90.69987487792969,181.3111572265625,11.686348915100098,180.15724182128906,0.04044332727789879,1770241,-1
90.69987487792969,181.3111572265625,11.686348915100098,270.24359130859375,0.04044332727789879,1770241,-1
91.59982299804688,196.04949951171875,1.8625911474227905,281.65771484375,0.023744456470012665,2621951,-1
93.0583724975586,214.85202026367188,1.9071396589279175,90.27703857421875,0.026363413780927658,4325887,-1
93.0583724975586,214.85202026367188,1.9071396589279175,283.12530517578125,0.026363413780927658,4325887,-1
93.83113098144531,199.4770965576172,2.3187735080718994,169.47955322265625,0.037189945578575134,1770239,-1
94.87036895751953,187.74774169921875,3.120589017868042,241.42129516601562,0.022957807406783104,6554623,-1
95.19147491455078,267.19866943359375,44.6793327331543,176.3056182861328,0.09735455363988876,15204867,-1
95.83368682861328,159.69410705566406,1.9874025583267212,271.1641845703125,0.028221141546964645,7340543,-1
96.10200500488281,206.95550537109375,1.959098219871521,280.83489990234375,0.01918536052107811,6291967,-1
96.3810043334961,168.9671173095703,2.1176812648773193,111.51007080078125,0.026608576998114586,11928063,-1
96.91080474853516,162.75103759765625,54.1248893737793,185.59112548828125,0.08538217097520828,12387075,-1
96.99419403076172,196.80184936523438,3.1785547733306885,326.09295654296875,0.019952919334173203,7865343,-1
97.94744873046875,200.1302490234375,3.481576681137085,85.8519287109375,0.018934791907668114,14484479,-1
97.94744873046875,200.1302490234375,3.481576681137085,170.0868377685547,0.018934791907668114,14484479,-1
98.18059539794922,163.14950561523438,6.858521938323975,112.21255493164062,0.014125997200608253,13370112,-1
98.18059539794922,163.14950561523438,6.858521938323975,279.481201171875,0.014125997200608253,13370112,-1
98.18724060058594,168.06573486328125,3.6222164630889893,21.97979736328125,0.03276717662811279,590080,-1
98.18724060058594,168.06573486328125,3.6222164630889893,104.29399108886719,0.03276717662811279,590080,-1
98.18724060058594,168.06573486328125,3.6222164630889893,157.4677276611328,0.03276717662811279,590080,-1
99.10958862304688,154.60194396972656,2.749581813812256,79.21438598632812,0.03359723091125488,14091007,-1
99.10958862304688,154.60194396972656,2.749581813812256,307.05364990234375,0.03359723091125488,14091007,-1
99.43258666992188,170.35716247558594,1.906446099281311,113.03694152832031,0.03508579358458519,4325887,-1
99.8894271850586,188.77716064453125,3.3058173656463623,221.44656372070312,0.013976415619254112,10683391,-1
99.98184204101562,242.46566772460938,2.0441782474517822,73.45767211914062,0.020083757117390633,9372159,-1
101.47355651855469,160.43557739257812,2.796227216720581,271.7449951171875,0.02597338892519474,15336191,-1
101.75934600830078,155.05947875976562,2.196776866912842,82.09841918945312,0.033476464450359344,14549503,-1
102.54232025146484,168.16104125976562,2.1702592372894287,358.6839904785156,0.04630880057811737,13697535,-1
103.6919174194336,147.41250610351562,2.0063014030456543,94.9635009765625,0.057229410856962204,7995903,-1
103.6919174194336,147.41250610351562,2.0063014030456543,157.63612365722656,0.057229410856962204,7995903,-1
103.8135757446289,191.61813354492188,3.0444772243499756,5.861328125,0.03210463374853134,4785151,-1
105.12313079833984,196.6264190673828,2.9454286098480225,321.3927917480469,0.02560907043516636,2360319,-1
106.25730895996094,173.66934204101562,4.251380920410156,153.4552001953125,0.034834034740924835,12189952,-1
106.76671600341797,186.78076171875,2.710167407989502,353.8368225097656,0.03973662853240967,13042431,-1
107.39351654052734,181.623291015625,2.7999932765960693,178.81375122070312,0.04067712277173996,15401727,-1
107.70104217529297,191.63340759277344,2.586228132247925,1.528045654296875,0.05506402254104614,9634559,-1
109.60679626464844,174.21484375,2.066297769546509,75.66317749023438,0.03373420238494873,10158591,-1
110.16441345214844,163.03164672851562,5.439560890197754,275.92291259765625,0.02589871734380722,13304320,-1
110.16441345214844,163.03164672851562,5.439560890197754,349.4129333496094,0.02589871734380722,13304320,-1
111.81156158447266,144.634033203125,2.0837299823760986,90.48745727539062,0.01813601888716221,10748415,-1
113.42743682861328,225.18695068359375,2.335312843322754,350.9875793457031,0.03139898180961609,2294527,-1
113.80716705322266,213.3686981201172,2.5256943702697754,0.963134765625,0.03503722697496414,7930623,-1
113.89669036865234,186.61102294921875,2.0035767555236816,358.74884033203125,0.034729961305856705,7930367,-1
114.3940200805664,237.35130310058594,2.322844982147217,358.6737060546875,0.02566293068230152,1901311,-1
115.60203552246094,262.55841064453125,1.8162339925765991,354.423583984375,0.020448990166187286,786943,-1
115.69213104248047,148.4306640625,2.1351675987243652,180.1655731201172,0.015233276411890984,12517887,-1
115.70588684082031,148.21328735351562,2.038228750228882,178.74879455566406,0.015328174456954002,9175551,-1
118.24838256835938,268.45428466796875,2.200328826904297,177.2703857421875,0.022709373384714127,14680575,-1
118.24838256835938,268.45428466796875,2.200328826904297,359.303955078125,0.022709373384714127,14680575,-1
118.7646255493164,197.5275421142578,1.9631775617599487,180.68441772460938,0.01696598529815674,6423039,-1
119.083984375,289.83782958984375,2.236422300338745,358.6143493652344,0.01617799699306488,15860223,-1
119.54220581054688,286.5938415527344,3.3142037391662598,178.87860107421875,0.01862943172454834,10879999,-1
119.54220581054688,286.5938415527344,3.3142037391662598,355.6134948730469,0.01862943172454834,10879999,-1
121.3006820678711,146.87664794921875,2.1512458324432373,257.2026062011719,0.018704459071159363,13042175,-1
123.06382751464844,150.89781188964844,3.3899152278900146,52.930267333984375,0.02823292277753353,12518399,-1
125.62065124511719,155.24525451660156,3.333134412765503,6.9542236328125,0.06557417660951614,11273215,-1
126.09747314453125,156.15570068359375,4.206834316253662,5.616119384765625,0.06436050683259964,11403520,-1
127.11409759521484,158.22401428222656,5.966249465942383,5.61431884765625,0.06405188143253326,3277568,-1
127.25343322753906,284.28155517578125,2.4366092681884766,288.73358154296875,0.0678861141204834,5374719,-1
127.25343322753906,284.28155517578125,2.4366092681884766,345.1909484863281,0.0678861141204834,5374719,-1
130.96055603027344,279.5561828613281,8.21622085571289,351.8349914550781,0.07286395877599716,9699585,-1
133.8258819580078,257.7086486816406,1.9552773237228394,178.06556701660156,0.025672944262623787,6160895,-1
134.5973358154297,154.99273681640625,2.6581227779388428,150.97898864746094,0.04970492422580719,11666175,-1
134.66336059570312,146.156494140625,2.4374289512634277,82.60223388671875,0.01506121177226305,5374719,-1
136.43528747558594,276.9088439941406,1.9941688776016235,91.88101196289062,0.09903591126203537,7602687,-1
136.43528747558594,276.9088439941406,1.9941688776016235,169.93246459960938,0.09903591126203537,7602687,-1
138.5300750732422,292.77880859375,2.7917745113372803,89.84793090820312,0.04078168794512749,15205119,-1
142.59515380859375,293.03997802734375,1.9493697881698608,90.83245849609375,0.042943380773067474,5898751,-1
143.29331970214844,134.0068817138672,4.402158737182617,270.41802978515625,0.014410826377570629,14745856,-1
143.78762817382812,299.72467041015625,2.371473550796509,99.73171997070312,0.08589030802249908,3408639,-1
143.90077209472656,139.77389526367188,4.372096538543701,270.5067138671875,0.024649864062666893,14221568,-1
147.54335021972656,145.81304931640625,2.2359416484832764,276.3317565917969,0.016065198928117752,15860223,-1
152.43910217285156,301.1384582519531,7.870489597320557,88.4178466796875,0.036352042108774185,6619393,-1
155.31434631347656,139.93959045410156,4.245551586151123,269.66595458984375,0.021313199773430824,12124416,-1
156.3358612060547,300.3075866699219,1.9489269256591797,126.29698181152344,0.021877529099583626,5898751,-1
167.2344207763672,299.7192077636719,6.68197774887085,89.40493774414062,0.03662462159991264,11469568,-1
171.220458984375,145.7899627685547,2.0625665187835693,84.51132202148438,0.014589723199605942,10027519,-1
173.91075134277344,139.63868713378906,2.6490561962127686,273.1662902832031,0.023874850943684578,11404031,-1
174.3201141357422,148.64208984375,2.253741502761841,90.16653442382812,0.03207068517804146,16450047,-1
186.58135986328125,296.3517761230469,2.615238904953003,90.02734375,0.049376845359802246,10486527,-1
196.20462036132812,300.964111328125,8.176779747009277,88.551513671875,0.03719750791788101,9371905,-1
216.04348754882812,145.5403594970703,2.4768645763397217,89.89013671875,0.013942304067313671,6554367,-1
227.90359497070312,139.65008544921875,1.8510242700576782,274.869384765625,0.018906908109784126,2163199,-1
234.12828063964844,139.42335510253906,2.1811275482177734,270.05224609375,0.01990532875061035,14025215,-1
234.54959106445312,146.4355010986328,1.9248722791671753,88.89376831054688,0.018334276974201202,5046783,-1
281.6288146972656,134.35118103027344,5.518387317657471,269.92767333984375,0.01352989487349987,14352896,-1
285.99407958984375,145.8395538330078,1.8866493701934814,82.8350830078125,0.0161215141415596,3539455,-1
286.74163818359375,153.22897338867188,2.009864091873169,267.811279296875,0.024399641901254654,8126975,-1
290.92279052734375,170.25852966308594,19.195940017700195,94.759033203125,0.043022602796554565,4260354,-1
292.4814758300781,288.22406005859375,2.033923625946045,272.1787414550781,0.06049363315105438,8978943,-1
298.2302551269531,145.51998901367188,1.923152208328247,87.8192138671875,0.016875259578227997,4981247,-1
298.4397277832031,288.3714599609375,2.053288221359253,268.5227966308594,0.06054800748825073,9699839,-1
299.9750671386719,283.1225280761719,5.982076168060303,263.5343322753906,0.07554396986961365,3474176,-1
300.1148376464844,279.1739196777344,2.0260379314422607,114.62751770019531,0.047904256731271744,8716799,-1
301.1214599609375,265.39404296875,1.8037432432174683,186.37435913085938,0.014460830949246883,328191,-1
302.2113037109375,276.9570007324219,2.6695730686187744,119.53321838378906,0.07123248279094696,11928319,-1
303.381591796875,212.2917022705078,1.9169368743896484,180.4740753173828,0.023784078657627106,4719103,-1
303.44769287109375,221.77951049804688,1.9051802158355713,180.39273071289062,0.024463117122650146,4260351,-1
303.5339050292969,143.4953155517578,29.626117706298828,276.2977600097656,0.07838644087314606,2228483,-1
303.7533874511719,152.79916381835938,2.0459744930267334,115.63870239257812,0.025692060589790344,9437695,-1
305.7417297363281,143.3236083984375,28.2491397857666,273.88897705078125,0.07894492894411087,15467266,-1
308.88446044921875,293.4435729980469,1.8423875570297241,90.08636474609375,0.03434726968407631,1835519,-1
309.6072692871094,278.977783203125,3.2711856365203857,179.9976806640625,0.0391647145152092,9962495,-1
311.34881591796875,148.9002227783203,1.9246015548706055,82.94122314453125,0.03402482345700264,4981247,-1
312.8948669433594,152.0087432861328,1.9512255191802979,175.97662353515625,0.0395192913711071,6029823,-1
314.83685302734375,287.99237060546875,10.513676643371582,4.224090576171875,0.08423023670911789,10813953,-1
314.83685302734375,287.99237060546875,10.513676643371582,87.11526489257812,0.08423023670911789,10813953,-1
316.9253845214844,126.2275619506836,5.112565517425537,277.26092529296875,0.04823959246277809,8847872,-1
316.9253845214844,126.2275619506836,5.112565517425537,324.57080078125,0.04823959246277809,8847872,-1
321.1092529296875,139.55450439453125,1.8495813608169556,2.019195556640625,0.056859876960515976,2097663,-1
322.7573547363281,134.30393981933594,3.9589009284973145,337.0314025878906,0.03232646733522415,7012608,-1
323.47979736328125,296.8204650878906,1.8060096502304077,81.18655395507812,0.027651064097881317,393727,-1
323.62640380859375,138.30001831054688,1.838981032371521,1.646270751953125,0.05413370206952095,1704447,-1
324.6237487792969,135.4894561767578,1.9826503992080688,335.66015625,0.03888813033699989,7143935,-1
