44.9216194152832,51.69655990600586,2.8370039463043213,186.97486877441406,0.09215247631072998,16384767,-1
44.9216194152832,51.69655990600586,2.8370039463043213,280.111083984375,0.09215247631072998,16384767,-1
46.44810485839844,54.10016632080078,5.835572242736816,185.15374755859375,0.09625677019357681,1704704,-1
48.50129699707031,89.1569595336914,1.9847320318222046,357.03955078125,0.03167983517050743,7209471,-1
48.83315658569336,308.0984191894531,6.973114967346191,93.40945434570312,0.08185936510562897,14549760,-1
48.83315658569336,308.0984191894531,6.973114967346191,176.43853759765625,0.08185936510562897,14549760,-1
50.39324951171875,60.6407585144043,2.0336790084838867,1.663482666015625,0.0433056503534317,8978943,-1
50.97659683227539,168.98513793945312,1.8874117136001587,358.765625,0.03634767234325409,3604991,-1
51.02938461303711,74.90775299072266,3.176417112350464,359.48114013671875,0.04664321616292,7799807,-1
51.25169372558594,124.3687744140625,3.03574275970459,357.35211181640625,0.04770341515541077,4523007,-1
51.4844856262207,213.6088409423828,2.179903745651245,3.457763671875,0.045275986194610596,14025215,-1
51.696693420410156,204.5162811279297,2.765988826751709,357.8539733886719,0.05295362323522568,14549759,-1
51.698612213134766,245.01585388183594,1.8280706405639648,107.6439208984375,0.01662595197558403,1311231,-1
51.90874481201172,223.26402282714844,2.5659987926483154,356.71343994140625,0.06329363584518433,9110271,-1
52.412288665771484,56.62778854370117,2.0668447017669678,115.68020629882812,0.061606861650943756,10158591,-1
52.48703384399414,59.59714889526367,4.94812536239624,5.33404541015625,0.054458655416965485,6488576,-1
52.69910430908203,280.42962646484375,3.6639504432678223,357.7086181640625,0.01546566467732191,1442048,-1
52.7468147277832,215.81011962890625,4.256148338317871,358.96533203125,0.05308501422405243,12255488,-1
52.786434173583984,250.7860107421875,3.0308706760406494,94.1881103515625,0.014561752788722515,4457471,-1
55.01654815673828,262.26312255859375,5.984401226043701,79.90328979492188,0.03901200369000435,3474176,-1
56.24244689941406,241.6300048828125,5.617086410522461,281.0089111328125,0.026462342590093613,15598080,-1
56.64588165283203,54.8509521484375,4.045132637023926,280.09881591796875,0.07134586572647095,8585472,-1
58.66590118408203,230.0204620361328,9.451360702514648,283.55743408203125,0.02293531969189644,3146241,-1
58.75426483154297,83.86875915527344,2.63503098487854,315.4778747558594,0.017121756449341774,11010815,-1
59.301883697509766,244.24549865722656,2.205564022064209,89.05517578125,0.013788515701889992,14877183,-1
60.19243240356445,99.4879150390625,2.387720823287964,161.70382690429688,0.0317845344543457,3867391,-1
60.19243240356445,99.4879150390625,2.387720823287964,302.94903564453125,0.0317845344543457,3867391,-1
60.87461853027344,76.55506134033203,1.9516115188598633,140.10446166992188,0.014467760920524597,6029823,-1
60.97856903076172,95.76226806640625,1.8953231573104858,300.7446594238281,0.026678714901208878,3867135,-1
61.20439910888672,129.32537841796875,2.0498621463775635,133.58421325683594,0.030740652233362198,9568767,-1
61.20439910888672,129.32537841796875,2.0498621463775635,312.45477294921875,0.030740652233362198,9568767,-1
61.29103088378906,86.44989013671875,3.0249733924865723,323.93377685546875,0.017265962436795235,4260863,-1
63.17660140991211,64.12846374511719,3.447324752807617,139.06097412109375,0.04009493812918663,13763583,-1
63.84135437011719,71.13893127441406,2.6441214084625244,140.654541015625,0.03732782229781151,11272959,-1
64.45841979980469,132.12974548339844,2.0193018913269043,311.95196533203125,0.029238510876893997,8454655,-1
64.64192962646484,227.2261505126953,2.367125988006592,107.83303833007812,0.04013725370168686,3277567,-1
65.18150329589844,136.843017578125,2.5668511390686035,133.57833862304688,0.02053152397274971,9110271,-1
65.18150329589844,136.843017578125,2.5668511390686035,310.70001220703125,0.02053152397274971,9110271,-1
65.44158172607422,248.57156372070312,3.0459868907928467,94.37228393554688,0.021856585517525673,4785151,-1
66.35679626464844,211.6767578125,3.057145833969116,112.04817199707031,0.020725157111883163,5047295,-1
66.35679626464844,211.6767578125,3.057145833969116,300.0882263183594,0.020725157111883163,5047295,-1
66.50260162353516,108.82796478271484,2.0649454593658447,130.46286010742188,0.05694591999053955,10093055,-1
66.7971420288086,243.24114990234375,5.230949401855469,281.50225830078125,0.025217723101377487,10486272,-1
67.39596557617188,66.19288635253906,1.8839168548583984,213.05406188964844,0.029276838526129723,3473919,-1
67.39596557617188,66.19288635253906,1.8839168548583984,347.7586669921875,0.029276838526129723,3473919,-1
68.07642364501953,135.54495239257812,1.919162631034851,134.6962127685547,0.03215211257338524,4784639,-1
68.07642364501953,135.54495239257812,1.919162631034851,311.194091796875,0.03215211257338524,4784639,-1
69.38312530517578,114.65383911132812,1.872689127922058,129.68971252441406,0.023038387298583984,3015167,-1
70.87982940673828,220.85365295410156,18.68255043029785,281.046630859375,0.028373857960104942,2294274,-1
71.44793701171875,88.81793975830078,2.172576427459717,166.0242462158203,0.0178446713835001,13763071,-1
71.4728012084961,235.1647186279297,1.8477634191513062,277.98480224609375,0.03196710720658302,2032127,-1
71.85669708251953,322.02813720703125,5.324254035949707,61.087249755859375,0.09756561368703842,11731456,-1
71.85669708251953,322.02813720703125,5.324254035949707,226.38848876953125,0.09756561368703842,11731456,-1
72.2020034790039,70.61522674560547,6.211380481719971,140.4702606201172,0.04860199615359306,6161152,-1
72.38841247558594,143.04415893554688,2.5473978519439697,129.94342041015625,0.02055186778306961,8585983,-1
73.08233642578125,256.02056884765625,2.384080171585083,87.4478759765625,0.02474738098680973,3801855,-1
73.09085845947266,139.67355346679688,2.017221450805664,313.79266357421875,0.028052031993865967,8389119,-1
74.4407958984375,215.2223663330078,3.003685474395752,113.73847961425781,0.020889580249786377,3802111,-1
74.64483642578125,259.20068359375,2.363386392593384,85.5927734375,0.021475177258253098,3146495,-1
77.14521789550781,81.58834075927734,1.9235104322433472,141.00216674804688,0.02628174237906933,4981247,-1
77.14521789550781,81.58834075927734,1.9235104322433472,331.27777099609375,0.02628174237906933,4981247,-1
78.4078369140625,311.9507751464844,2.5533876419067383,91.5784912109375,0.09559816867113113,8717055,-1
78.4078369140625,311.9507751464844,2.5533876419067383,234.60292053222656,0.09559816867113113,8717055,-1
78.47348022460938,72.21342468261719,1.8712328672409058,335.4411315917969,0.029816152527928352,2949631,-1
79.80289459228516,88.20479583740234,6.014721393585205,143.33322143554688,0.016844814643263817,3867392,-1
80.47321319580078,281.96124267578125,62.180389404296875,92.434326171875,0.06375224888324738,5701892,-1
80.56155395507812,63.125518798828125,2.0685012340545654,139.58358764648438,0.07314185798168182,10224127,-1
80.96926879882812,146.77761840820312,2.1525840759277344,131.33502197265625,0.019463352859020233,13107711,-1
80.96926879882812,146.77761840820312,2.1525840759277344,315.0907897949219,0.019463352859020233,13107711,-1
81.8878402709961,68.30845642089844,20.45791244506836,283.4608459472656,0.04872366413474083,8847874,-1
82.52783203125,151.72817993164062,2.2681658267974854,313.5783996582031,0.01710067130625248,197375,-1
83.10009765625,110.43431854248047,2.0790469646453857,310.6121520996094,0.01937025412917137,10617343,-1
83.23406982421875,79.13603973388672,1.895412802696228,335.3044128417969,0.04197762906551361,3867135,-1
83.44788360595703,219.1522674560547,2.1608798503875732,116.33512878417969,0.019043004140257835,13369855,-1
84.31209564208984,242.50660705566406,2.1485507488250732,279.7103271484375,0.04373620077967644,12976639,-1
84.4406509399414,61.353816986083984,4.003371238708496,280.5035705566406,0.06831280142068863,7864576,-1
84.7896728515625,79.14163970947266,6.05665922164917,146.01666259765625,0.018694687634706497,4391680,-1
85.47509002685547,232.4571990966797,1.9668430089950562,115.2021484375,0.028371529653668404,6554111,-1
85.62137603759766,154.59213256835938,2.4279732704162598,312.5660095214844,0.017866011708974838,5112575,-1
85.94297790527344,113.47636413574219,2.5056118965148926,311.14459228515625,0.02026725560426712,7406335,-1
86.17013549804688,92.96965789794922,2.037416934967041,327.52520751953125,0.03062981180846691,9110015,-1
87.74141693115234,124.5379867553711,7.625184059143066,310.2438659667969,0.036939796060323715,4325633,-1
87.84610748291016,243.73040771484375,2.1786696910858154,281.4986877441406,0.02369193360209465,13959679,-1
88.60717010498047,78.56179809570312,1.8943222761154175,146.83901977539062,0.051112640649080276,3867135,-1
89.6860122680664,310.401123046875,11.15284252166748,87.53173828125,0.06105458736419678,15073793,-1
89.95537567138672,320.88934326171875,6.4299821853637695,79.13449096679688,0.06474515050649643,8717056,-1
90.57128143310547,302.4274597167969,1.8886269330978394,262.637451171875,0.021941430866718292,3670527,-1
90.6490478515625,138.66372680664062,2.5950138568878174,134.64927673339844,0.030118510127067566,9896703,-1
91.92811584472656,222.83285522460938,2.171160936355591,113.64057922363281,0.02011827751994133,13697535,-1
92.40059661865234,160.9646759033203,2.3240928649902344,317.4047546386719,0.017413651570677757,1966847,-1
92.64950561523438,75.03137969970703,6.3202033042907715,3.8824462890625,0.026040947064757347,7471872,-1
93.52385711669922,77.8009033203125,5.61609411239624,352.9006042480469,0.02578079327940941,15598080,-1
94.38787078857422,241.6487579345703,1.96803879737854,266.6996154785156,0.03336283564567566,6619647,-1
95.296630859375,163.87942504882812,2.145930051803589,312.3974609375,0.01836482249200344,12911103,-1
95.83407592773438,69.92640686035156,1.8072258234024048,336.4876403808594,0.06044001504778862,459263,-1
97.33868408203125,247.54629516601562,15.599841117858887,281.6878662109375,0.046202950179576874,5964034,-1
98.45574188232422,75.74341583251953,2.8085458278656006,342.6522216796875,0.03542798012495041,15598335,-1
98.53025817871094,301.47869873046875,2.8858916759490967,267.55810546875,0.025338975712656975,852991,-1
99.19357299804688,310.52801513671875,2.7629451751708984,82.24072265625,0.09481891989707947,14418687,-1
99.19357299804688,310.52801513671875,2.7629451751708984,313.4981384277344,0.09481891989707947,14418687,-1
99.54943084716797,68.44615936279297,3.336442708969116,95.82150268554688,0.050268176943063736,11404287,-1
99.92056274414062,238.28338623046875,3.423396348953247,271.40350341796875,0.040861308574676514,13239295,-1
100.39112854003906,234.4766845703125,2.183551788330078,281.9805908203125,0.05152320861816406,14156287,-1
101.4365234375,105.32491302490234,2.4048707485198975,152.536376953125,0.029713843017816544,4391679,-1
102.01739501953125,125.55166625976562,1.9599863290786743,319.7608337402344,0.02356877364218235,6291967,-1
102.32877349853516,227.1767120361328,2.060570240020752,109.5999755859375,0.015688596293330193,9961983,-1
102.63389587402344,118.64337921142578,2.1145970821380615,150.33438110351562,0.03664997220039368,11796991,-1
103.48285675048828,95.11680603027344,2.578967571258545,354.3092956542969,0.02976500615477562,9437951,-1
104.01881408691406,103.01038360595703,2.099372386932373,158.57720947265625,0.04954158142209053,11272703,-1
105.94325256347656,229.072265625,2.757176160812378,289.9601745605469,0.01674356311559677,14287615,-1
107.33049011230469,334.2186279296875,6.184415340423584,110.65325927734375,0.027928803116083145,5899008,-1
107.66326141357422,107.2177963256836,5.755418300628662,337.4317932128906,0.04170060530304909,656128,-1
108.11676788330078,119.8773422241211,2.394277572631836,323.10345458984375,0.02698136679828167,4063999,-1
108.49179077148438,251.0102081298828,2.1251072883605957,301.0595397949219,0.04289725422859192,12190207,-1
108.50897216796875,253.90707397460938,1.9943796396255493,299.2577819824219,0.039210155606269836,7602687,-1
109.77471160888672,239.1626739501953,3.013361692428589,280.32794189453125,0.03922848030924797,3998719,-1
110.82430267333984,109.23925018310547,2.573237180709839,335.11932373046875,0.044127706438302994,9306879,-1
110.8662338256836,115.77324676513672,2.1105217933654785,152.12469482421875,0.027319442480802536,11665919,-1
111.80436706542969,255.5353240966797,2.6893222332000732,296.8527526855469,0.04037058725953102,12518143,-1
112.5875015258789,238.96139526367188,1.8810142278671265,270.9928894042969,0.032014597207307816,3342847,-1
113.03163146972656,113.56700134277344,1.953094482421875,152.50759887695312,0.052001841366291046,6095359,-1
113.03163146972656,113.56700134277344,1.953094482421875,340.98834228515625,0.052001841366291046,6095359,-1
113.17152404785156,127.47325134277344,2.57108211517334,156.88926696777344,0.0378355048596859,9241343,-1
113.17152404785156,127.47325134277344,2.57108211517334,337.4207763671875,0.0378355048596859,9241343,-1
113.46080017089844,140.95994567871094,3.1228442192077637,316.9243469238281,0.037257399410009384,6620159,-1
114.14028930664062,231.60577392578125,12.199015617370605,285.14892578125,0.02786264196038246,4850433,-1
114.2594985961914,231.83619689941406,3.6879475116729736,290.3038635253906,0.020818399265408516,1900800,-1
115.1709976196289,164.95761108398438,2.0267159938812256,138.63006591796875,0.01847614161670208,8716799,-1
115.1817398071289,111.0453109741211,2.125730276107788,338.4354248046875,0.023750273510813713,12190207,-1
115.36488342285156,147.78343200683594,1.9185303449630737,129.4363250732422,0.047560665756464005,4784639,-1
115.42833709716797,158.15834045410156,2.0366218090057373,139.09756469726562,0.0319259949028492,9110015,-1
115.42833709716797,158.15834045410156,2.0366218090057373,320.0846862792969,0.0319259949028492,9110015,-1
115.82762908935547,331.6148376464844,2.758124589920044,17.688568115234375,0.09025240689516068,14287615,-1
116.4337387084961,125.29045867919922,2.7164418697357178,8.139312744140625,0.026859750971198082,13239039,-1
116.4337387084961,125.29045867919922,2.7164418697357178,153.80760192871094,0.026859750971198082,13239039,-1
118.4271011352539,154.3564453125,2.015549421310425,132.4435272216797,0.03458922356367111,8323583,-1
120.23373413085938,71.8396224975586,1.8695831298828125,107.13739013671875,0.0514756478369236,2884095,-1
120.79273986816406,99.75740051269531,13.34953784942627,101.9219970703125,0.03342646360397339,11404033,-1
120.79273986816406,99.75740051269531,13.34953784942627,351.2463073730469,0.03342646360397339,11404033,-1
121.75668334960938,172.2828826904297,2.096306324005127,137.8748321533203,0.02221147157251835,11207167,-1
121.79195404052734,187.36241149902344,1.8627208471298218,311.05316162109375,0.013465533964335918,2621951,-1
122.16849517822266,161.78807067871094,6.304366111755371,149.16827392578125,0.02356085367500782,7275264,-1
122.17699432373047,132.50399780273438,2.8899354934692383,296.0630187988281,0.013603650033473969,984063,-1
126.15702819824219,91.8131332397461,3.2090413570404053,117.13943481445312,0.026212144643068314,8586239,-1
127.02922058105469,157.38613891601562,2.9025890827178955,148.62396240234375,0.031128648668527603,1311743,-1
127.21570587158203,243.95578002929688,2.3534562587738037,273.39569091796875,0.0323198027908802,2818815,-1
129.4988250732422,151.17745971679688,3.4212512969970703,243.32550048828125,0.016424110159277916,13173759,-1
130.62911987304688,142.31536865234375,1.9376529455184937,251.21194458007812,0.02567216195166111,5505535,-1
131.635009765625,165.01119995117188,5.607052803039551,149.14161682128906,0.02829621359705925,15532544,-1
131.73898315429688,76.72286224365234,14.003496170043945,278.46221923828125,0.05602586269378662,14877441,-1
134.17971801757812,112.91049194335938,24.84734535217285,159.58570861816406,0.045609984546899796,6226690,-1
134.56678771972656,266.5387878417969,21.39537239074707,229.47625732421875,0.02044370211660862,12059138,-1
135.3339385986328,287.81878662109375,2.792462110519409,216.42759704589844,0.019719643518328667,15205119,-1
135.4220428466797,87.37248229980469,4.662290096282959,33.069793701171875,0.03221902996301651,2163200,-1
135.4220428466797,87.37248229980469,4.662290096282959,122.75962829589844,0.03221902996301651,2163200,-1
135.59939575195312,221.95846557617188,38.528446197509766,168.87716674804688,0.03846283257007599,4522499,-1
135.59939575195312,221.95846557617188,38.528446197509766,291.9390563964844,0.03846283257007599,4522499,-1
137.1568603515625,293.0395812988281,4.1025309562683105,217.71717834472656,0.021149223670363426,9634048,-1
137.20555114746094,241.99403381347656,1.8686840534210205,282.16357421875,0.049416691064834595,2884095,-1
137.8948516845703,284.4104919433594,2.0713589191436768,213.57125854492188,0.021799761801958084,10289663,-1
138.78863525390625,174.89193725585938,5.076913356781006,147.1208953857422,0.03788915276527405,8323584,-1
138.8209228515625,96.98426055908203,1.925437331199646,74.48492431640625,0.020476210862398148,5046783,-1
138.8258819580078,211.17652893066406,2.6344423294067383,149.6430206298828,0.013555491343140602,11010815,-1
140.25973510742188,91.78826904296875,2.0271992683410645,102.33721923828125,0.01611466519534588,8782335,-1
140.31761169433594,135.59283447265625,3.084634304046631,241.61546325683594,0.03838688135147095,5702655,-1
140.34329223632812,193.3356170654297,1.9576784372329712,140.63992309570312,0.01344223041087389,6226431,-1
140.62570190429688,213.41087341308594,2.4644181728363037,146.5330810546875,0.01356473658233881,6161151,-1
140.7128143310547,286.4198303222656,3.41766357421875,212.41574096679688,0.020225889980793,13108223,-1
141.0426483154297,88.46949005126953,2.1648876667022705,100.54898071289062,0.035841986536979675,13500927,-1
141.2829132080078,169.62368774414062,1.8936207294464111,256.90423583984375,0.02035987563431263,3801599,-1
141.4165802001953,83.55621337890625,2.7260005474090576,76.68704223632812,0.019278327003121376,13501183,-1
141.4165802001953,83.55621337890625,2.7260005474090576,140.18988037109375,0.019278327003121376,13501183,-1
142.12545776367188,182.45567321777344,4.201059341430664,150.08489990234375,0.030995449051260948,11337984,-1
142.52777099609375,154.43405151367188,1.8215755224227905,179.19522094726562,0.014163101091980934,1049087,-1
143.97506713867188,86.06230926513672,2.4201791286468506,75.68539428710938,0.038342833518981934,4850431,-1
144.0308074951172,177.4618377685547,2.116647481918335,63.394287109375,0.023146063089370728,11862527,-1
144.0308074951172,177.4618377685547,2.116647481918335,292.3294677734375,0.023146063089370728,11862527,-1
144.85728454589844,197.0242919921875,4.4556097984313965,147.74468994140625,0.031241457909345627,15597824,-1
146.66639709472656,281.982421875,8.023768424987793,221.41468811035156,0.02038928121328354,7995649,-1
147.07334899902344,186.91354370117188,8.092456817626953,148.74366760253906,0.03342757746577263,8585473,-1
147.24668884277344,269.3286437988281,2.278546094894409,215.0166015625,0.020019840449094772,525055,-1
147.27908325195312,89.66484069824219,3.0015780925750732,135.61842346191406,0.018833136186003685,3736575,-1
147.66212463378906,95.11827850341797,2.935204029083252,137.8076934814453,0.025312716141343117,2098175,-1
147.66819763183594,114.3714828491211,4.801915168762207,156.44271850585938,0.02465755119919777,4260352,-1
149.382568359375,167.4234161376953,1.803599238395691,75.6917724609375,0.023194612935185432,328191,-1
149.382568359375,167.4234161376953,1.803599238395691,259.02813720703125,0.023194612935185432,328191,-1
149.6268768310547,135.3252716064453,2.487328290939331,242.03721618652344,0.02951614372432232,6816511,-1
150.2943572998047,105.59964752197266,5.958309173583984,157.985595703125,0.02465265803039074,3212032,-1
150.4779052734375,90.88835906982422,5.254987716674805,139.84716796875,0.019187485799193382,10813952,-1
151.36289978027344,188.9989471435547,2.4248147010803223,55.406646728515625,0.016359444707632065,4981503,-1
151.36289978027344,188.9989471435547,2.4248147010803223,282.3492431640625,0.016359444707632065,4981503,-1
151.83824157714844,94.67735290527344,3.1396853923797607,139.9691619873047,0.02226659469306469,6947839,-1
151.97433471679688,178.55859375,3.0478646755218506,258.59228515625,0.023915881291031837,4850687,-1
152.56324768066406,117.81145477294922,1.9586480855941772,167.52044677734375,0.018765263259410858,6291967,-1
153.16262817382812,152.98143005371094,1.8521989583969116,57.943603515625,0.021634221076965332,2228735,-1
153.17881774902344,287.0364990234375,2.493351459503174,91.71694946289062,0.015012104995548725,7013119,-1
153.59832763671875,290.2177429199219,1.9411581754684448,86.5244140625,0.015476740896701813,5636607,-1
153.92041015625,204.9268035888672,2.161471128463745,149.34762573242188,0.042869675904512405,13369855,-1
154.09341430664062,192.0930938720703,1.9943573474884033,86.181396484375,0.019409000873565674,7602687,-1
154.09341430664062,192.0930938720703,1.9943573474884033,281.19580078125,0.019409000873565674,7602687,-1
154.19737243652344,176.125244140625,1.982851266860962,112.02882385253906,0.02592906542122364,7143935,-1
154.22586059570312,181.98318481445312,2.166773557662964,266.9602355957031,0.029615364968776703,13566463,-1
154.42108154296875,165.78099060058594,3.0871472358703613,265.4835205078125,0.01487596333026886,5768191,-1
154.45675659179688,95.29740905761719,2.028682231903076,81.51141357421875,0.016727522015571594,8782335,-1
154.57289123535156,166.60366821289062,35.614471435546875,159.37599182128906,0.03477025032043457,15532291,-1
154.64013671875,178.973388671875,2.1110877990722656,268.2154235839844,0.02737521193921566,11665919,-1
154.97291564941406,257.1994323730469,3.674447774887085,208.30642700195312,0.023991359397768974,1638656,-1
157.21998596191406,144.8159637451172,3.1904942989349365,329.2798156738281,0.018889930099248886,8127487,-1
157.32855224609375,93.56387329101562,2.7987723350524902,90.49261474609375,0.02493639662861824,15401727,-1
157.32855224609375,93.56387329101562,2.7987723350524902,156.273193359375,0.02493639662861824,15401727,-1
159.58460998535156,138.6876678466797,3.395416736602783,244.48043823242188,0.020777206867933273,12649471,-1
159.68646240234375,235.7081298828125,10.533801078796387,155.7952880859375,0.03686042129993439,10945025,-1
159.68646240234375,235.7081298828125,10.533801078796387,217.16419982910156,0.03686042129993439,10945025,-1
161.37843322753906,189.93968200683594,1.900901436805725,125.99505615234375,0.02245122566819191,4129279,-1
162.74244689941406,200.6835174560547,6.561744213104248,125.03297424316406,0.014644990675151348,10158848,-1
162.84951782226562,175.12490844726562,2.282449245452881,104.10855102539062,0.01753360591828823,656127,-1
162.84951782226562,175.12490844726562,2.282449245452881,291.5434875488281,0.01753360591828823,656127,-1
163.35760498046875,287.561767578125,31.896896362304688,86.82461547851562,0.0550202801823616,7536899,-1
163.63372802734375,235.82875061035156,6.581463813781738,148.41905212402344,0.03639199584722519,10355456,-1
164.01358032226562,185.70834350585938,5.315021991729736,138.13668823242188,0.014479519799351692,11600384,-1
164.01358032226562,185.70834350585938,5.315021991729736,287.0302734375,0.014479519799351692,11600384,-1
166.35562133789062,193.59202575683594,1.9600909948349,100.74163818359375,0.020125024020671844,6357503,-1
166.6660919189453,229.19357299804688,3.2410411834716797,149.38804626464844,0.028702672570943832,9307135,-1
166.73753356933594,189.0696258544922,2.086066961288452,118.91314697265625,0.014052124693989754,10813951,-1
166.73753356933594,189.0696258544922,2.086066961288452,311.1474609375,0.014052124693989754,10813951,-1
166.77163696289062,141.0989227294922,1.8855947256088257,303.7469787597656,0.03921199217438698,3539455,-1
167.18946838378906,229.41200256347656,3.9312350749969482,148.73207092285156,0.028713010251522064,6553856,-1
167.34414672851562,132.90367126464844,2.6379942893981934,289.02374267578125,0.040686171501874924,11076351,-1
167.58343505859375,176.9744873046875,2.6207711696624756,292.941650390625,0.013383054174482822,10617599,-1
167.5973358154297,235.5479736328125,2.0023915767669678,133.0086669921875,0.038210429251194,7864831,-1
168.53909301757812,247.7422332763672,9.393158912658691,213.2554473876953,0.02547731064260006,2687489,-1
170.776123046875,223.8052520751953,12.573187828063965,164.37091064453125,0.03215939924120903,7078657,-1
171.11988830566406,132.73483276367188,5.162856578826904,294.76470947265625,0.04679704084992409,9503232,-1
173.9248046875,95.56474304199219,30.245813369750977,280.47308349609375,0.05132622271776199,3735811,-1
174.88401794433594,158.107177734375,2.194624662399292,317.1808166503906,0.037649206817150116,14483967,-1
175.05914306640625,129.0595245361328,2.2813799381256104,128.75022888183594,0.016337251290678978,590591,-1
175.68460083007812,147.31971740722656,2.407606840133667,131.8411407470703,0.03258085250854492,4457215,-1
177.40357971191406,144.9326629638672,1.8551067113876343,300.98931884765625,0.018376333639025688,2359807,-1
178.6005096435547,194.58193969726562,3.3286006450653076,282.4902038574219,0.026959067210555077,11207679,-1
180.0140380859375,272.59075927734375,2.6074166297912598,269.1962890625,0.013908770866692066,10224383,-1
180.0997314453125,198.44854736328125,2.5797414779663086,91.23196411132812,0.026447804644703865,9503487,-1
182.0751953125,203.21151733398438,3.2643074989318848,125.19601440429688,0.017920156940817833,9765887,-1
183.65525817871094,176.0187530517578,8.230513572692871,348.7630615234375,0.019203780218958855,9830657,-1
185.49337768554688,285.8168640136719,2.369014024734497,35.8690185546875,0.018375463783740997,3343103,-1
185.98959350585938,185.9836883544922,2.3856234550476074,324.4508056640625,0.032516658306121826,3801855,-1
186.43331909179688,179.60284423828125,3.476897954940796,323.4771728515625,0.02581276372075081,14353407,-1
187.0479736328125,205.9161376953125,3.0420596599578857,98.7847900390625,0.014375905506312847,4719615,-1
188.10848999023438,254.67652893066406,1.8584434986114502,60.209381103515625,0.01437592413276434,2490879,-1
189.52191162109375,287.6177978515625,3.1468703746795654,288.5737609863281,0.0193314291536808,7144447,-1
189.69705200195312,248.86581420898438,2.0629076957702637,61.2601318359375,0.014657196588814259,10027519,-1
190.0113525390625,223.1239776611328,1.9977909326553345,298.90692138671875,0.017776930704712868,7733759,-1
191.63609313964844,122.4404296875,2.3499698638916016,17.361480712890625,0.013769591227173805,2753279,-1
192.42489624023438,117.11348724365234,2.220177412033081,66.17779541015625,0.016709763556718826,15335935,-1
192.83114624023438,206.65121459960938,4.230440139770508,87.1375732421875,0.015406081452965736,11862272,-1
192.83114624023438,206.65121459960938,4.230440139770508,318.6225891113281,0.015406081452965736,11862272,-1
192.98521423339844,198.0124969482422,3.016883134841919,310.77459716796875,0.016533292829990387,4064255,-1
194.30548095703125,270.6483459472656,2.987769603729248,47.35028076171875,0.013339851051568985,3408895,-1
194.30548095703125,270.6483459472656,2.987769603729248,285.8451232910156,0.013339851051568985,3408895,-1
194.32540893554688,171.7866668701172,2.435688018798828,140.09927368164062,0.04537814110517502,5309183,-1
194.53428649902344,113.80769348144531,2.05603289604187,33.735626220703125,0.014584755524992943,9765375,-1
196.0507354736328,167.84979248046875,3.198049545288086,140.39100646972656,0.029738640412688255,8324095,-1
196.65469360351562,161.7735137939453,1.8835901021957397,122.92398071289062,0.023618184030056,3473919,-1
196.8070526123047,111.55369567871094,1.8639658689498901,57.563568115234375,0.023209426552057266,2687487,-1
196.8070526123047,111.55369567871094,1.8639658689498901,252.17047119140625,0.023209426552057266,2687487,-1
197.00656127929688,229.173583984375,5.9622955322265625,307.95068359375,0.019262101501226425,3212032,-1
197.44473266601562,192.06036376953125,2.0074195861816406,312.4573669433594,0.01835048757493496,8061439,-1
197.54232788085938,116.15728759765625,2.8026938438415527,39.87335205078125,0.03282450884580612,15467263,-1
197.54232788085938,116.15728759765625,2.8026938438415527,190.4994354248047,0.03282450884580612,15467263,-1
198.30776977539062,295.3868713378906,2.3192551136016846,262.5631103515625,0.030858242884278297,1770239,-1
199.0030975341797,107.86487579345703,1.9026222229003906,41.2515869140625,0.02535313554108143,4194815,-1
199.0030975341797,107.86487579345703,1.9026222229003906,183.3848419189453,0.02535313554108143,4194815,-1
199.4037628173828,242.83026123046875,4.186156749725342,50.87298583984375,0.018263548612594604,11075840,-1
199.4037628173828,242.83026123046875,4.186156749725342,272.91851806640625,0.018263548612594604,11075840,-1
200.15501403808594,164.64373779296875,9.306734085083008,329.3533020019531,0.026335902512073517,2032129,-1
200.40199279785156,236.83993530273438,4.537473201751709,74.66152954101562,0.03311872482299805,197120,-1
200.40199279785156,236.83993530273438,4.537473201751709,278.15032958984375,0.03311872482299805,197120,-1
201.03477478027344,115.04832458496094,2.1446309089660645,189.4224853515625,0.01872836984694004,12845567,-1
202.38714599609375,245.8018341064453,1.9080218076705933,66.32333374023438,0.02500670589506626,4391423,-1
202.76759338378906,252.45050048828125,9.694544792175293,29.20111083984375,0.014726468361914158,4981249,-1
202.83056640625,105.29069519042969,2.0856921672821045,80.62005615234375,0.013513674959540367,10813951,-1
203.49147033691406,192.13607788085938,2.151873826980591,134.75643920898438,0.034290287643671036,13107711,-1
203.8296661376953,116.94965362548828,4.700175762176514,218.66506958007812,0.014682632870972157,2753024,-1
203.8296661376953,116.94965362548828,4.700175762176514,247.51243591308594,0.014682632870972157,2753024,-1
204.77481079101562,109.71444702148438,4.261359691619873,126.68069458007812,0.03611421957612038,12386560,-1
204.8629608154297,226.0525360107422,4.481906890869141,206.23171997070312,0.025600222870707512,15991040,-1
204.8629608154297,226.0525360107422,4.481906890869141,302.16534423828125,0.025600222870707512,15991040,-1
205.3463134765625,228.64088439941406,1.9326448440551758,296.4063720703125,0.031761299818754196,5308927,-1
205.38597106933594,276.5783386230469,2.071357011795044,50.867645263671875,0.029454926028847694,10289663,-1
205.38597106933594,276.5783386230469,2.071357011795044,228.66294860839844,0.029454926028847694,10289663,-1
205.67593383789062,236.94923400878906,2.146937131881714,200.97421264648438,0.039025239646434784,12911103,-1
205.7782440185547,196.91856384277344,1.8480585813522339,134.43016052246094,0.04601415619254112,2097663,-1
205.7782440185547,196.91856384277344,1.8480585813522339,308.08978271484375,0.04601415619254112,2097663,-1
206.20846557617188,175.3582763671875,3.2192447185516357,137.78167724609375,0.027203181758522987,8782847,-1
206.20846557617188,175.3582763671875,3.2192447185516357,335.07757568359375,0.027203181758522987,8782847,-1
206.36180114746094,123.02484130859375,8.69780158996582,1.52203369140625,0.01853809878230095,13828353,-1
207.1807098388672,199.62210083007812,24.427364349365234,237.87701416015625,0.015137898735702038,4981506,-1
207.28854370117188,113.57722473144531,2.127988576889038,233.1738739013672,0.02055605873465538,12255743,-1
208.59046936035156,228.53189086914062,2.184964179992676,219.0815887451172,0.030882036313414574,14156287,-1
209.7957305908203,168.074951171875,3.895866870880127,339.01617431640625,0.020363569259643555,5898496,-1
211.23410034179688,146.72828674316406,1.802621841430664,73.926513671875,0.013535444624722004,262655,-1
211.96275329589844,237.40896606445312,1.9718164205551147,80.6973876953125,0.019126271829009056,6750719,-1
212.45925903320312,278.4790954589844,2.4303765296936035,233.38365173339844,0.02830914780497551,5178111,-1
212.55393981933594,189.4786376953125,1.8810081481933594,288.9718017578125,0.05171646177768707,3342847,-1
212.7036895751953,121.57372283935547,2.519249677658081,10.6361083984375,0.02049829252064228,7799551,-1
212.7085723876953,246.3775634765625,2.296640157699585,318.2225341796875,0.01924799755215645,1049343,-1
213.47979736328125,192.52569580078125,1.878235101699829,129.541015625,0.052740201354026794,3211775,-1
214.52084350585938,176.3398895263672,1.9255262613296509,138.04185485839844,0.028437713161110878,5046783,-1
215.09925842285156,194.51409912109375,12.697936058044434,220.09942626953125,0.013619057834148407,7799553,-1
215.443603515625,270.013427734375,2.739325523376465,59.658477783203125,0.019151248037815094,13828863,-1
215.443603515625,270.013427734375,2.739325523376465,231.82431030273438,0.019151248037815094,13828863,-1
215.8749542236328,146.83692932128906,2.257678985595703,94.04461669921875,0.026366518810391426,16581119,-1
216.00018310546875,204.07455444335938,2.456224203109741,308.98858642578125,0.03668993338942528,5964543,-1
216.4725341796875,138.16864013671875,9.709393501281738,60.99591064453125,0.02321874164044857,5112321,-1
216.83453369140625,172.47677612304688,6.300469398498535,271.8625793457031,0.014555891044437885,7209728,-1
217.5853271484375,115.90213012695312,2.2287938594818115,85.130859375,0.0218570064753294,15598079,-1
218.17449951171875,242.44996643066406,3.2531704902648926,93.0274658203125,0.013829221948981285,9569279,-1
218.23829650878906,128.7426300048828,2.1018779277801514,354.1326904296875,0.029301268979907036,11403775,-1
219.15602111816406,192.79981994628906,2.076754093170166,305.7216796875,0.024219445884227753,10486271,-1
219.45518493652344,223.96240234375,3.0651166439056396,231.70606994628906,0.013776005245745182,5243903,-1
219.75511169433594,285.7734680175781,3.0272159576416016,229.44119262695312,0.01991192251443863,4326399,-1
220.07147216796875,99.93875122070312,17.138952255249023,285.0181884765625,0.05128449946641922,12779778,-1
222.6405029296875,122.23975372314453,10.832987785339355,79.56600952148438,0.04608488455414772,12976641,-1
225.79237365722656,241.3522491455078,2.3404030799865723,116.98678588867188,0.013760272413492203,2425599,-1
227.00674438476562,187.80316162109375,1.8757965564727783,44.773468017578125,0.017480578273534775,3146239,-1
227.4927520751953,120.06599426269531,1.918763518333435,72.81253051757812,0.03649524226784706,4784639,-1
227.4927520751953,120.06599426269531,1.918763518333435,197.89230346679688,0.03649524226784706,4784639,-1
228.82431030273438,135.94346618652344,5.753758907318115,103.92144775390625,0.016654884442687035,656128,-1
229.59365844726562,146.90423583984375,9.560700416564941,180.59234619140625,0.052880920469760895,3932673,-1
230.0796356201172,178.5200653076172,2.4536426067352295,219.92625427246094,0.01643969863653183,5833471,-1
230.394775390625,124.43133544921875,4.063053131103516,170.0822296142578,0.030784480273723602,8913152,-1
230.54586791992188,109.10900115966797,6.126025199890137,90.15472412109375,0.015690241008996964,5178112,-1
230.78750610351562,182.1830291748047,1.8692089319229126,222.8792724609375,0.026639685034751892,2884095,-1
232.03363037109375,139.6721649169922,2.165412664413452,105.47441101074219,0.0196108128875494,13500927,-1
233.24908447265625,184.70358276367188,2.7097272872924805,37.05804443359375,0.01576625369489193,13042431,-1
234.11575317382812,170.28106689453125,2.083373785018921,203.3310089111328,0.05217621847987175,10748415,-1
234.60498046875,239.0415496826172,1.8940657377243042,83.70941162109375,0.01573266088962555,3867135,-1
234.60498046875,239.0415496826172,1.8940657377243042,286.16650390625,0.01573266088962555,3867135,-1
236.45465087890625,177.63055419921875,1.8279955387115479,73.44943237304688,0.017188582569360733,1311231,-1
236.94940185546875,173.74050903320312,3.3072617053985596,219.0503387451172,0.03362005949020386,10748927,-1
237.28262329101562,113.15227508544922,2.41806960105896,197.54547119140625,0.051278918981552124,4784895,-1
237.48609924316406,164.09104919433594,1.9048336744308472,186.95404052734375,0.03352052718400955,4260351,-1
237.93894958496094,135.8978729248047,1.9770805835723877,173.24484252929688,0.03341207653284073,6947327,-1
239.60218811035156,124.13919830322266,6.314311981201172,180.2377166748047,0.025526531040668488,7406336,-1
239.69598388671875,162.14439392089844,4.894188404083252,183.1752166748047,0.03355494514107704,5636608,-1
240.01808166503906,171.47708129882812,1.9042237997055054,332.5157165527344,0.0158439539372921,4260351,-1
240.52151489257812,199.06671142578125,2.7803025245666504,246.9974822998047,0.01410820335149765,14877439,-1
240.96324157714844,186.4725799560547,4.939181804656982,144.6201934814453,0.01715347170829773,6357504,-1
242.3190460205078,292.3388366699219,2.4184207916259766,263.55267333984375,0.01740802638232708,4784895,-1
242.40390014648438,132.15232849121094,2.0096402168273926,2.0546875,0.01880289427936077,8126975,-1
243.68231201171875,115.08877563476562,2.341064929962158,351.48883056640625,0.016205793246626854,2491135,-1
247.1910400390625,149.40306091308594,4.55269718170166,20.56317138671875,0.02038315311074257,459264,-1
247.1910400390625,149.40306091308594,4.55269718170166,230.1853790283203,0.02038315311074257,459264,-1
247.44485473632812,265.517578125,2.33128023147583,161.55775451660156,0.021343935281038284,2163455,-1
247.9458465576172,213.8486785888672,2.050143241882324,201.70468139648438,0.025466633960604668,9568767,-1
248.52171325683594,292.384033203125,1.9891010522842407,265.48699951171875,0.014736765064299107,7406079,-1
249.60157775878906,215.87535095214844,1.9364290237426758,209.62889099121094,0.025286927819252014,5439999,-1
249.84481811523438,143.63929748535156,2.5312981605529785,213.42318725585938,0.02043173275887966,8127231,-1
250.35227966308594,220.0721435546875,2.6013076305389404,40.67864990234375,0.013388331048190594,10093311,-1
250.8262481689453,267.752197265625,1.8945130109786987,166.87908935546875,0.022961631417274475,3867135,-1
251.4084014892578,275.4233703613281,1.8982553482055664,171.88082885742188,0.020061133429408073,3998207,-1
251.4084014892578,275.4233703613281,1.8982553482055664,338.4818115234375,0.020061133429408073,3998207,-1
252.45663452148438,149.61444091796875,2.5622644424438477,15.80548095703125,0.015782013535499573,8979199,-1
254.23526000976562,240.44053649902344,1.914584755897522,111.12043762207031,0.018606893718242645,4653567,-1
254.23526000976562,240.44053649902344,1.914584755897522,262.2586364746094,0.018606893718242645,4653567,-1
255.2367401123047,118.2093734741211,33.456966400146484,281.09576416015625,0.03140493482351303,11010307,-1
256.0735168457031,123.39512634277344,1.8431618213653564,211.93655395507812,0.014799591153860092,1901055,-1
256.5144348144531,171.0414581298828,2.056295156478882,16.63037109375,0.015207387506961823,9765375,-1
257.3529968261719,212.96861267089844,1.8609116077423096,195.9506072998047,0.014083823189139366,2556415,-1
257.4254455566406,130.3319549560547,3.302269458770752,218.01446533203125,0.018215348944067955,10617855,-1
257.71099853515625,167.85235595703125,2.1730637550354004,19.86712646484375,0.01596437580883503,13763071,-1
258.0810241699219,112.30143737792969,7.501122951507568,202.66311645507812,0.02354874089360237,3145985,-1
259.06982421875,163.9521942138672,2.5381507873535156,17.076171875,0.016759231686592102,8323839,-1
259.7355651855469,117.86957550048828,2.8453991413116455,204.12179565429688,0.01912054978311062,16581375,-1
260.4165344238281,159.4754180908203,1.9802610874176025,22.21112060546875,0.017476482316851616,7078399,-1
261.6074523925781,206.5097198486328,2.2448923587799072,20.91668701171875,0.0186796672642231,16122367,-1
261.6074523925781,206.5097198486328,2.2448923587799072,192.5953826904297,0.0186796672642231,16122367,-1
263.0474548339844,212.608154296875,2.5520615577697754,211.04209899902344,0.014449277892708778,8717055,-1
264.7110595703125,196.94149780273438,2.8245556354522705,200.14651489257812,0.02225736901164055,16057087,-1
264.7967529296875,269.0802307128906,1.867051362991333,139.2388916015625,0.013477151282131672,2818559,-1
264.9079895019531,149.83621215820312,2.8967809677124023,20.357513427734375,0.018951110541820526,1180671,-1
264.9364318847656,118.9968032836914,5.57332706451416,202.53713989257812,0.025513678789138794,15073792,-1
265.1478271484375,105.87088775634766,2.4580018520355225,207.27340698242188,0.023930348455905914,5964543,-1
266.7783203125,177.6462860107422,2.4878339767456055,198.42556762695312,0.01630987785756588,6882047,-1
267.554931640625,128.12850952148438,2.0397701263427734,22.8912353515625,0.026598868891596794,9241087,-1
267.554931640625,128.12850952148438,2.0397701263427734,208.15573120117188,0.026598868891596794,9241087,-1
268.0219421386719,172.15591430664062,3.1617021560668945,199.8883056640625,0.01337595283985138,7472127,-1
269.8110656738281,233.74876403808594,110.4975814819336,82.25445556640625,0.07752860337495804,13828868,-1
270.0408020019531,106.07100677490234,6.7386474609375,282.05517578125,0.0504811629652977,12059392,-1
270.203125,204.15892028808594,2.222905397415161,201.36251831054688,0.01946522295475006,15401471,-1
270.30877685546875,121.65402221679688,2.733361005783081,33.39691162109375,0.015877438709139824,13697791,-1
270.3514099121094,178.21371459960938,3.343735933303833,199.97479248046875,0.019888276234269142,11535359,-1
271.0611877441406,191.82411193847656,3.287989854812622,10.25311279296875,0.018421605229377747,10290175,-1
271.0611877441406,191.82411193847656,3.287989854812622,201.99563598632812,0.018421605229377747,10290175,-1
272.0217590332031,172.86354064941406,3.388239622116089,200.9837646484375,0.017135266214609146,12518399,-1
273.11944580078125,128.0454559326172,1.9134348630905151,23.16363525390625,0.01821097917854786,4588031,-1
273.8145446777344,181.54974365234375,2.530942916870117,199.61935424804688,0.020772378891706467,8127231,-1
274.93511962890625,162.74652099609375,3.8980519771575928,200.32632446289062,0.016682498157024384,5898496,-1
277.1221923828125,172.79037475585938,1.9111979007720947,208.5721435546875,0.01978217624127865,4522495,-1
277.3433532714844,105.21358489990234,2.6995272636413574,281.44451904296875,0.03844496235251427,12780287,-1
279.2582702636719,166.651123046875,3.9589900970458984,204.5099334716797,0.019162466749548912,7012608,-1
279.6238098144531,115.6684341430664,2.353321075439453,27.355316162109375,0.01393334474414587,2818815,-1
280.7169494628906,162.26365661621094,4.3420257568359375,201.1312713623047,0.019364994019269943,13697280,-1
281.01812744140625,176.05484008789062,4.097196578979492,207.6388397216797,0.016667857766151428,9502976,-1
281.0721130371094,131.53553771972656,3.3479981422424316,199.50970458984375,0.014739950187504292,11600895,-1
281.4336242675781,106.43541717529297,3.375357151031494,281.17828369140625,0.041510824114084244,12190719,-1
282.9021301269531,109.6029281616211,2.2019147872924805,39.6627197265625,0.023311298340559006,14746111,-1
282.922119140625,127.62857818603516,2.8457047939300537,200.64540100097656,0.015741579234600067,16581375,-1
283.37115478515625,153.11505126953125,3.6485671997070312,201.59149169921875,0.017795581370592117,1114368,-1
284.69512939453125,167.99266052246094,4.710568904876709,205.7144012451172,0.019719351083040237,2884096,-1
285.1402587890625,302.48944091796875,1.8815644979476929,196.0507354736328,0.023318953812122345,3342847,-1
285.5688171386719,188.11875915527344,1.8356599807739258,208.1513671875,0.014131383039057255,1573375,-1
286.9429016113281,184.9046630859375,1.9209994077682495,207.66458129882812,0.015465157106518745,4850175,-1
286.9631042480469,144.07766723632812,4.341494083404541,196.7520294189453,0.0143578564748168,13697280,-1
287.9856872558594,241.06863403320312,3.8545138835906982,264.05059814453125,0.015044204890727997,5112064,-1
288.75323486328125,246.14369201660156,4.1943159103393555,263.8367004394531,0.014613973908126354,11206912,-1
289.3420104980469,177.1398468017578,5.287534236907959,16.094970703125,0.014322550967335701,11272704,-1
289.3420104980469,177.1398468017578,5.287534236907959,211.3206787109375,0.014322550967335701,11272704,-1
289.4875793457031,303.6308898925781,4.1066999435424805,235.01959228515625,0.09568331390619278,9699584,-1
289.6784973144531,202.50930786132812,1.8830665349960327,208.1125030517578,0.015495593659579754,3408383,-1
289.7238464355469,303.5238342285156,4.30438756942749,75.69989013671875,0.09554309397935867,13107456,-1
289.7238464355469,303.5238342285156,4.30438756942749,236.7425994873047,0.09554309397935867,13107456,-1
293.9272155761719,140.0471649169922,2.148975133895874,190.007568359375,0.01399922277778387,12976639,-1
295.6368103027344,109.69280242919922,3.3673195838928223,279.86474609375,0.037877846509218216,12059647,-1
295.784423828125,242.35348510742188,2.515799045562744,271.88214111328125,0.014853882603347301,7668479,-1
296.1943359375,110.11476135253906,3.8219478130340576,279.64117431640625,0.0378146767616272,4522240,-1
300.00738525390625,114.42292785644531,2.099830150604248,200.7716522216797,0.02101142704486847,11338239,-1
301.240478515625,121.94193267822266,4.439571857452393,200.07696533203125,0.016019634902477264,15335680,-1
305.30712890625,115.1679458618164,8.180014610290527,282.28204345703125,0.04568134993314743,9371905,-1
307.1273498535156,158.82151794433594,62.10771560668945,283.470458984375,0.05947783589363098,5636356,-1
307.1273498535156,158.82151794433594,62.10771560668945,347.3379211425781,0.05947783589363098,5636356,-1
312.1487121582031,301.14013671875,4.255939483642578,89.78009033203125,0.06579174101352692,12255488,-1
316.26458740234375,276.26678466796875,41.01432418823242,5.0869140625,0.07473451644182205,9044483,-1
316.26458740234375,276.26678466796875,41.01432418823242,84.20315551757812,0.07473451644182205,9044483,-1
318.4840087890625,115.04669189453125,3.2257142066955566,279.7470703125,0.03429057076573372,8913919,-1
320.32366943359375,137.81874084472656,34.628501892089844,282.9878234863281,0.0651167705655098,13500675,-1
320.32366943359375,137.81874084472656,34.628501892089844,350.3007507324219,0.0651167705655098,13500675,-1
323.823974609375,184.2911834716797,2.094043493270874,22.450286865234375,0.01356010977178812,11076095,-1
328.2467041015625,217.9716796875,24.805686950683594,358.9395751953125,0.052395012229681015,6095618,-1
330.2672424316406,127.77910614013672,16.798147201538086,354.4803771972656,0.06988481432199478,11337986,-1
331.13885498046875,149.5321502685547,1.8913919925689697,31.22607421875,0.014237874187529087,3736063,-1
332.42608642578125,147.06427001953125,2.3522984981536865,31.764495849609375,0.015558612532913685,2818815,-1
335.7914123535156,141.6266326904297,2.403304100036621,32.32763671875,0.01634579710662365,4391679,-1
338.05963134765625,121.1255111694336,3.905940294265747,349.7135009765625,0.0598454587161541,6095104,-1
338.07830810546875,209.51364135742188,7.768835544586182,358.8577880859375,0.05429549142718315,5636353,-1
338.3941650390625,120.8257064819336,3.2524688243865967,352.1556701660156,0.06041022390127182,9503743,-1
339.05487060546875,208.1344757080078,6.121261119842529,358.7958679199219,0.05561583489179611,5112576,-1
339.1487121582031,142.9888916015625,2.951185941696167,359.9512023925781,0.04968385770916939,2491391,-1
340.53662109375,306.9136657714844,4.398224830627441,102.62652587890625,0.09532546252012253,14680320,-1
340.53662109375,306.9136657714844,4.398224830627441,303.5159912109375,0.09532546252012253,14680320,-1
340.801513671875,203.6935272216797,2.7273354530334473,359.2869567871094,0.056126244366168976,13501183,-1
340.9082336425781,198.41114807128906,2.226557731628418,359.8069763183594,0.05340733751654625,15532543,-1
341.6620788574219,288.7255554199219,4.175633907318115,7.60198974609375,0.08289959281682968,10879232,-1
341.6620788574219,288.7255554199219,4.175633907318115,76.83880615234375,0.08289959281682968,10879232,-1
341.7013854980469,231.6242218017578,2.150862455368042,359.74090576171875,0.052595652639865875,13042175,-1
342.1883544921875,246.46688842773438,1.909379005432129,359.3697204589844,0.06042366474866867,4456959,-1
