11.191549301147461,130.75059509277344,4.340552806854248,198.27163696289062,0.01983189582824707,13697280,-1
11.53709888458252,184.95916748046875,2.0363805294036865,168.18528747558594,0.02440868318080902,9110015,-1
14.301779747009277,138.12179565429688,4.822640419006348,192.74276733398438,0.02563970908522606,4588032,-1
15.642596244812012,153.65707397460938,11.284356117248535,183.35890197753906,0.02651452086865902,15925761,-1
17.339738845825195,200.6385498046875,4.478358268737793,161.97616577148438,0.017331967130303383,15925504,-1
17.352672576904297,128.14097595214844,4.561563014984131,199.01361083984375,0.028165441006422043,590336,-1
18.049654006958008,200.11956787109375,5.877976417541504,161.86862182617188,0.017344806343317032,2228992,-1
21.052560806274414,211.6401824951172,4.416215419769287,160.04251098632812,0.017481829971075058,14942464,-1
23.121427536010742,217.01742553710938,4.198127269744873,157.11038208007812,0.017986275255680084,11272448,-1
27.08378028869629,288.20953369140625,6.811553478240967,180.57557678222656,0.020554866641759872,12845824,-1
27.500944137573242,289.6502685546875,7.807324409484863,181.02236938476562,0.020126724615693092,6029569,-1
30.33159065246582,101.0770263671875,2.268552303314209,219.77008056640625,0.020540926605463028,197375,-1
30.43378448486328,237.54225158691406,2.1199026107788086,144.38113403320312,0.015616325661540031,11993599,-1
34.4290771484375,242.4844512939453,1.9452537298202515,140.69471740722656,0.016669923439621925,5767679,-1
35.22005844116211,97.0527572631836,4.577131271362305,220.2915496826172,0.0266303401440382,852480,-1
35.4170036315918,239.879638671875,2.0560381412506104,141.78530883789062,0.017621681094169617,9765375,-1
36.17121887207031,330.2284240722656,3.781501054763794,140.03317260742188,0.013537134975194931,3735808,-1
36.65677261352539,99.22830963134766,9.188326835632324,220.51756286621094,0.0276093278080225,1114625,-1
36.908809661865234,325.9314270019531,1.8283449411392212,139.76608276367188,0.018047623336315155,1311231,-1
38.419334411621094,87.04781341552734,2.6683223247528076,223.35791015625,0.01902487874031067,11928319,-1
38.448768615722656,248.03759765625,2.7029523849487305,138.18450927734375,0.017909523099660873,12845823,-1
38.559974670410156,134.44573974609375,2.156593084335327,246.68771362304688,0.01631472073495388,13238783,-1
40.834678649902344,114.88814544677734,3.115791082382202,267.3201599121094,0.015620672143995762,6423551,-1
42.18095779418945,331.5519104003906,2.4017205238342285,136.65780639648438,0.01898953877389431,4326143,-1
43.18281173706055,114.96966552734375,9.424887657165527,166.71693420410156,0.018235255032777786,2949633,-1
44.3472785949707,101.45356750488281,2.590569496154785,5.01690673828125,0.015533722937107086,9765631,-1
47.39994430541992,315.69219970703125,9.690762519836426,139.78955078125,0.01622682996094227,4915713,-1
49.13724899291992,337.701171875,1.8479080200195312,126.65162658691406,0.019524453207850456,2032127,-1
49.31344985961914,254.60069274902344,2.228301763534546,130.05718994140625,0.019815322011709213,15598079,-1
49.36859893798828,81.63040924072266,3.1318719387054443,231.15863037109375,0.020868243649601936,6816767,-1
49.918426513671875,277.9120788574219,2.144890069961548,228.03549194335938,0.01601273939013481,12845567,-1
51.34228515625,335.4392395019531,8.484264373779297,128.38916015625,0.02082386054098606,12058881,-1
51.499549865722656,109.94593048095703,1.9273210763931274,125.71585083007812,0.04762612655758858,5112319,-1
51.499549865722656,109.94593048095703,1.9273210763931274,298.85626220703125,0.04762612655758858,5112319,-1
51.93573760986328,299.7403259277344,8.896637916564941,150.33786010742188,0.015589853748679161,15466753,-1
52.72978973388672,279.20611572265625,1.8411630392074585,226.57305908203125,0.016799811273813248,1769983,-1
52.82752227783203,345.0322570800781,4.641520977020264,125.05110168457031,0.013633159920573235,1835520,-1
53.17240905761719,257.83807373046875,1.8097587823867798,130.59088134765625,0.021468812599778175,524799,-1
53.38105010986328,75.02949523925781,1.8581355810165405,231.8260040283203,0.020536303520202637,2490879,-1
53.60652542114258,344.9535827636719,3.871464490890503,126.230224609375,0.013785653747618198,5439744,-1
53.616722106933594,282.9870300292969,1.947691559791565,249.26275634765625,0.017638666555285454,5898751,-1
53.94021224975586,344.70458984375,3.360328435897827,125.78810119628906,0.013850891962647438,11863039,-1
54.98136520385742,106.39041900634766,3.972259283065796,139.46295166015625,0.03215525299310684,7274752,-1
54.98136520385742,106.39041900634766,3.972259283065796,281.3439025878906,0.03215525299310684,7274752,-1
54.990787506103516,96.68011474609375,2.129833936691284,229.90150451660156,0.025450076907873154,12321279,-1
55.564918518066406,296.810791015625,2.5389108657836914,265.28118896484375,0.013760091736912727,8323839,-1
55.564918518066406,296.810791015625,2.5389108657836914,341.71392822265625,0.013760091736912727,8323839,-1
55.67802810668945,114.90991973876953,1.993271827697754,109.60203552246094,0.03475240245461464,7537151,-1
57.98480987548828,101.51335906982422,1.869410514831543,111.44833374023438,0.0491759330034256,2884095,-1
58.53182601928711,70.7572250366211,3.2448463439941406,239.5892333984375,0.020351186394691467,9372671,-1
58.70993423461914,69.8602066040039,4.309305191040039,239.70590209960938,0.020269500091671944,13172992,-1
59.474586486816406,78.63136291503906,9.415780067443848,235.09713745117188,0.02543650195002556,2884097,-1
59.48015594482422,112.2308349609375,3.4518380165100098,127.62879943847656,0.035928040742874146,13829119,-1
59.860107421875,275.4873962402344,2.1052746772766113,248.31301879882812,0.013358633033931255,11469311,-1
60.094058990478516,262.4147644042969,2.674764394760132,129.76072692871094,0.020393166691064835,12124927,-1
61.02802276611328,344.9002990722656,3.318852186203003,118.91619873046875,0.022370655089616776,11011071,-1
61.070281982421875,231.60043334960938,41.30488204956055,149.7242889404297,0.026178421452641487,9503235,-1
61.99309158325195,117.69430541992188,1.8970794677734375,133.54244995117188,0.014951060526072979,3932671,-1
65.03887176513672,122.52191925048828,2.5806190967559814,119.1861572265625,0.03456757590174675,9503487,-1
65.03887176513672,122.52191925048828,2.5806190967559814,241.775146484375,0.03456757590174675,9503487,-1
65.60088348388672,301.880615234375,2.516496419906616,209.218505859375,0.01447993703186512,7668479,-1
66.12384796142578,66.91961669921875,2.1239194869995117,240.0952911376953,0.01950654573738575,12124671,-1
67.18364715576172,267.858154296875,2.1073012351989746,70.75564575195312,0.02222343347966671,11534847,-1
67.57816314697266,126.02613830566406,3.07197642326355,100.49411010742188,0.04960149526596069,5374975,-1
68.66659545898438,305.5643615722656,1.8178389072418213,171.36460876464844,0.016994867473840714,852479,-1
68.70880126953125,69.12846374511719,3.468569278717041,240.46092224121094,0.02274201065301895,14156799,-1
68.75874328613281,92.87063598632812,1.9679043292999268,253.8815460205078,0.02223391830921173,6619647,-1
69.17478942871094,348.0241394042969,5.027947902679443,121.15277099609375,0.02409493550658226,7602688,-1
69.86476135253906,354.11700439453125,4.10381555557251,119.55091857910156,0.018243545666337013,9634048,-1
70.00828552246094,308.888916015625,2.3929431438446045,168.57952880859375,0.013809067197144032,4063999,-1
70.63804626464844,115.55682373046875,16.862417221069336,59.4796142578125,0.023900866508483887,11600130,-1
70.63804626464844,115.55682373046875,16.862417221069336,97.20635986328125,0.023900866508483887,11600130,-1
70.63804626464844,115.55682373046875,16.862417221069336,183.87457275390625,0.023900866508483887,11600130,-1
70.88150024414062,122.88829803466797,3.009711265563965,58.18951416015625,0.03917287290096283,3933183,-1
70.88150024414062,122.88829803466797,3.009711265563965,287.6070861816406,0.03917287290096283,3933183,-1
72.63605499267578,102.72509765625,3.277278184890747,96.64959716796875,0.03541481867432594,10093567,-1
72.70437622070312,96.28489685058594,5.543517589569092,256.7583923339844,0.02711407095193863,14680576,-1
73.02719116210938,291.49853515625,2.2195444107055664,161.5298614501953,0.01670321449637413,15335935,-1
73.02719116210938,291.49853515625,2.2195444107055664,263.8763427734375,0.01670321449637413,15335935,-1
73.32051086425781,287.97515869140625,1.8575557470321655,57.40130615234375,0.02142091654241085,2425343,-1
73.33345031738281,267.6632080078125,6.784534454345703,70.61639404296875,0.016947461292147636,12583680,-1
73.35220336914062,91.90980529785156,1.8635317087173462,259.1094970703125,0.03120708465576172,2687487,-1
74.44024658203125,304.3341369628906,2.956287384033203,333.9179382324219,0.014219442382454872,2622463,-1
74.83275604248047,127.13646697998047,2.2015349864959717,268.8218688964844,0.04312043637037277,14746111,-1
75.3313980102539,309.55084228515625,2.026236057281494,209.06590270996094,0.022853340953588486,8716799,-1
76.43275451660156,93.8319091796875,1.8496513366699219,262.84002685546875,0.03435433655977249,2163199,-1
76.66592407226562,110.88129425048828,2.360856771469116,199.3076934814453,0.0394253134727478,3080959,-1
76.66592407226562,110.88129425048828,2.360856771469116,342.87371826171875,0.0394253134727478,3080959,-1
77.5885009765625,107.5533676147461,1.8981132507324219,124.21134948730469,0.017244450747966766,3998207,-1
77.5885009765625,107.5533676147461,1.8981132507324219,239.18496704101562,0.017244450747966766,3998207,-1
77.81792449951172,85.56608581542969,9.700492858886719,213.62667846679688,0.02461634762585163,4981249,-1
79.03628540039062,310.57891845703125,2.7638051509857178,12.610931396484375,0.0198786873370409,14484223,-1
79.03628540039062,310.57891845703125,2.7638051509857178,210.9810028076172,0.0198786873370409,14484223,-1
79.1185531616211,121.9134521484375,2.124469518661499,24.576141357421875,0.04617161676287651,12124671,-1
79.1185531616211,121.9134521484375,2.124469518661499,182.74888610839844,0.04617161676287651,12124671,-1
79.89984130859375,114.77879333496094,3.7247369289398193,13.164398193359375,0.03894829377532005,2621696,-1
80.57548522949219,124.6439437866211,1.8615316152572632,31.324188232421875,0.01854255050420761,2621951,-1
80.78199005126953,327.9198303222656,1.945884346961975,103.8306884765625,0.017498377710580826,5833215,-1
81.60252380371094,258.2044372558594,2.340602159500122,63.400482177734375,0.019542254507541656,2425599,-1
81.79225158691406,62.98492431640625,2.065617084503174,257.34820556640625,0.02119920775294304,10093055,-1
82.49605560302734,318.5755920410156,2.0260021686553955,30.11260986328125,0.016496378928422928,8716799,-1
83.03662109375,116.99178314208984,2.1646170616149902,15.225830078125,0.021313147619366646,13500927,-1
83.236328125,58.763763427734375,3.9534528255462646,251.25808715820312,0.020828351378440857,6947072,-1
85.97779083251953,327.43768310546875,3.552912473678589,95.04794311523438,0.019637450575828552,15926271,-1
86.03640747070312,281.6080017089844,2.7008626461029053,71.04779052734375,0.017987702041864395,12780287,-1
86.03640747070312,281.6080017089844,2.7008626461029053,231.6682586669922,0.017987702041864395,12780287,-1
87.43197631835938,60.461395263671875,1.8402413129806519,246.6132354736328,0.01723625138401985,1769983,-1
89.23103332519531,89.3966064453125,6.530190467834473,210.55355834960938,0.02400227263569832,9831168,-1
91.16027069091797,114.20838165283203,9.546595573425293,113.01846313476562,0.02850956656038761,3867137,-1
92.32293701171875,184.0357208251953,1.9036731719970703,26.73199462890625,0.015472156926989555,4194815,-1
92.32293701171875,184.0357208251953,1.9036731719970703,64.91513061523438,0.015472156926989555,4194815,-1
92.32293701171875,184.0357208251953,1.9036731719970703,230.239501953125,0.015472156926989555,4194815,-1
94.70014953613281,69.54557037353516,6.035384654998779,228.46478271484375,0.01628292165696621,4129536,-1
95.28773498535156,325.49029541015625,2.1243913173675537,70.08856201171875,0.017592303454875946,12124671,-1
95.28773498535156,325.49029541015625,2.1243913173675537,209.30189514160156,0.017592303454875946,12124671,-1
95.28773498535156,325.49029541015625,2.1243913173675537,355.82183837890625,0.017592303454875946,12124671,-1
98.23778533935547,327.7713317871094,2.640448808670044,80.88812255859375,0.016092568635940552,11141887,-1
99.11207580566406,303.79241943359375,2.2697737216949463,202.19354248046875,0.015961941331624985,197375,-1
99.4948501586914,105.62747192382812,9.30221939086914,115.52726745605469,0.03147468715906143,1966593,-1
101.18199157714844,66.48712158203125,1.848757028579712,225.71095275878906,0.014146823436021805,2097663,-1
101.95809173583984,71.11833953857422,4.447863578796387,228.4756317138672,0.01800752431154251,15466752,-1
102.70136260986328,130.69097900390625,22.403696060180664,115.99493408203125,0.03020370565354824,15401474,-1
103.19804382324219,286.2110290527344,2.104750871658325,183.1729278564453,0.01441178284585476,11469311,-1
103.99800872802734,297.43109130859375,3.1430857181549072,118.57662963867188,0.020690402016043663,7078911,-1
103.99800872802734,297.43109130859375,3.1430857181549072,255.41928100585938,0.020690402016043663,7078911,-1
105.85881805419922,301.835693359375,2.0325124263763428,87.77859497070312,0.02328464388847351,8978943,-1
105.85881805419922,301.835693359375,2.0325124263763428,257.9300537109375,0.02328464388847351,8978943,-1
106.12030029296875,306.0450744628906,2.4347479343414307,76.91448974609375,0.025367166846990585,5309183,-1
106.12030029296875,306.0450744628906,2.4347479343414307,185.72213745117188,0.025367166846990585,5309183,-1
106.12030029296875,306.0450744628906,2.4347479343414307,309.7449035644531,0.025367166846990585,5309183,-1
106.32400512695312,118.21540832519531,2.0102179050445557,122.22274780273438,0.03614170104265213,8126975,-1
106.34117126464844,293.2148132324219,3.2485311031341553,118.7666015625,0.014112947508692741,9438207,-1
106.45587921142578,284.80755615234375,2.5297117233276367,45.05218505859375,0.015592887066304684,8061695,-1
106.50977325439453,65.61249542236328,2.582958459854126,222.44448852539062,0.017757195979356766,9569023,-1
109.01451110839844,288.74957275390625,3.021254539489746,173.50343322753906,0.022976689040660858,4195327,-1
110.0030288696289,307.0487060546875,2.6174776554107666,22.377593994140625,0.017995718866586685,10552063,-1
111.52678680419922,249.67604064941406,3.30963134765625,99.03973388671875,0.02495507150888443,10814463,-1
111.60853576660156,43.37493896484375,17.93519401550293,239.50929260253906,0.038736533373594284,16056578,-1
113.44544219970703,47.494850158691406,10.880596160888672,236.3585968017578,0.03940935060381889,13304321,-1
113.5422134399414,70.64312744140625,6.383723735809326,241.39295959472656,0.01396386232227087,8192768,-1
113.55655670166016,145.6428985595703,2.0338242053985596,43.83984375,0.013797855004668236,8978943,-1
114.24058532714844,247.08602905273438,1.9634819030761719,78.11932373046875,0.021140974014997482,6423039,-1
114.24058532714844,247.08602905273438,1.9634819030761719,105.93092346191406,0.021140974014997482,6423039,-1
114.8058090209961,123.48306274414062,3.162966728210449,119.19345092773438,0.031165195629000664,7537663,-1
115.49829864501953,272.2851257324219,2.0618932247161865,20.82330322265625,0.023249519988894463,9961983,-1
115.49829864501953,272.2851257324219,2.0618932247161865,309.9068908691406,0.023249519988894463,9961983,-1
115.92156982421875,312.69232177734375,1.9335949420928955,204.07568359375,0.020606527104973793,5374463,-1
115.94682312011719,252.66293334960938,3.024736166000366,331.5337219238281,0.018729155883193016,4260863,-1
117.3227310180664,322.9667053222656,2.5057809352874756,77.78839111328125,0.019063200801610947,7406335,-1
117.3443603515625,307.8220520019531,2.491828203201294,182.93051147460938,0.019215188920497894,6947583,-1
117.65541076660156,261.47210693359375,1.8828061819076538,169.29519653320312,0.014850202016532421,3408383,-1
117.65541076660156,261.47210693359375,1.8828061819076538,354.64495849609375,0.014850202016532421,3408383,-1
118.31185913085938,83.12721252441406,9.19614315032959,81.107177734375,0.021575601771473885,1180161,-1
118.68539428710938,312.0999450683594,1.9667240381240845,139.2362060546875,0.028766782954335213,6554111,-1
118.68539428710938,312.0999450683594,1.9667240381240845,337.6242370605469,0.028766782954335213,6554111,-1
119.12915802001953,124.69174194335938,1.8547359704971313,121.61566162109375,0.019018584862351418,2359807,-1
119.39305114746094,282.8849792480469,2.058243751525879,66.525146484375,0.019869836047291756,9830911,-1
119.39305114746094,282.8849792480469,2.058243751525879,194.5441436767578,0.019869836047291756,9830911,-1
119.43362426757812,289.3061828613281,2.7239739894866943,210.94923400878906,0.014007152058184147,13435647,-1
120.04559326171875,255.29409790039062,1.970342993736267,352.2740173339844,0.018910711631178856,6685183,-1
120.1565933227539,316.2462158203125,10.485166549682617,69.51828002929688,0.015268577262759209,10617345,-1
120.339599609375,243.1171112060547,4.719798564910889,69.80303955078125,0.018312839791178703,3015168,-1
120.77497100830078,252.49151611328125,3.2588651180267334,230.1907958984375,0.01698192209005356,9700351,-1
121.01162719726562,94.79682159423828,9.869980812072754,82.47552490234375,0.039954718202352524,6291969,-1
121.01162719726562,94.79682159423828,9.869980812072754,239.36529541015625,0.039954718202352524,6291969,-1
122.33667755126953,321.6276550292969,1.9421154260635376,67.08819580078125,0.0188188087195158,5636607,-1
122.55103302001953,291.7399597167969,2.7229726314544678,210.0944366455078,0.014380725100636482,13370111,-1
124.96392822265625,254.8590545654297,3.950014591217041,242.00669860839844,0.01403029914945364,6881536,-1
125.69436645507812,247.9556121826172,6.2596049308776855,69.21783447265625,0.027770962566137314,6750976,-1
125.94751739501953,124.5531997680664,2.7354719638824463,113.22119140625,0.027460716664791107,13697791,-1
128.49696350097656,250.14337158203125,2.4571187496185303,194.90573120117188,0.015080860815942287,5964543,-1
128.8094024658203,315.7100524902344,5.397813320159912,59.55267333984375,0.015007849782705307,12780032,-1
129.94883728027344,130.22042846679688,3.2885055541992188,110.75334167480469,0.018850792199373245,10355711,-1
130.3311309814453,126.21353149414062,2.6151046752929688,108.92930603027344,0.019492965191602707,10486527,-1
130.873291015625,307.1683654785156,2.6950764656066895,36.53424072265625,0.015923235565423965,12649215,-1
131.78187561035156,302.5049133300781,2.369656562805176,57.0028076171875,0.014181623235344887,3343103,-1
132.0515899658203,115.8067398071289,20.4177303314209,112.04435729980469,0.03973842412233353,8716802,-1
132.48558044433594,280.2015686035156,3.0977838039398193,35.842529296875,0.015774600207805634,6030335,-1
132.48558044433594,280.2015686035156,3.0977838039398193,316.14251708984375,0.015774600207805634,6030335,-1
132.6986541748047,269.5718688964844,1.9507683515548706,97.2181396484375,0.01733461394906044,5964287,-1
135.37168884277344,239.47276306152344,4.4308085441589355,23.9583740234375,0.029157929122447968,15204608,-1
137.37460327148438,285.2333984375,3.067870855331421,139.28741455078125,0.017574157565832138,5309439,-1
137.6592559814453,229.63763427734375,3.2149181365966797,51.228912353515625,0.017629308626055717,8717311,-1
138.35118103027344,244.49444580078125,2.0401268005371094,254.18617248535156,0.021813683211803436,9241087,-1
139.4439697265625,273.3102722167969,2.9582695960998535,113.526611328125,0.020020660012960434,2687999,-1
140.8144073486328,89.2085189819336,3.9961965084075928,82.64984130859375,0.03060781955718994,7733504,-1
140.91441345214844,226.34255981445312,1.877026915550232,44.716827392578125,0.023706547915935516,3211775,-1
141.12594604492188,281.07305908203125,1.8002737760543823,41.1993408203125,0.019834216684103012,197119,-1
141.12594604492188,281.07305908203125,1.8002737760543823,231.06448364257812,0.019834216684103012,197119,-1
141.5039520263672,301.4273986816406,5.44516134262085,26.963653564453125,0.016639739274978638,13369856,-1
142.1610565185547,229.78041076660156,2.57104754447937,41.97589111328125,0.01935678906738758,9241343,-1
142.37457275390625,301.9210205078125,9.44387435913086,49.597503662109375,0.01764773018658161,3080705,-1
145.46998596191406,285.0036926269531,4.290954113006592,50.111053466796875,0.014764797873795033,12845312,-1
145.46998596191406,285.0036926269531,4.290954113006592,202.352783203125,0.014764797873795033,12845312,-1
146.71923828125,296.1866149902344,2.567040205001831,260.62493896484375,0.013827132061123848,9110271,-1
147.1827850341797,285.9719543457031,2.089444398880005,189.26718139648438,0.016322333365678787,10945023,-1
148.0589599609375,300.5687255859375,2.145294189453125,4.803466796875,0.021779919043183327,12845567,-1
148.0589599609375,300.5687255859375,2.145294189453125,37.40692138671875,0.021779919043183327,12845567,-1
148.0589599609375,300.5687255859375,2.145294189453125,75.51840209960938,0.021779919043183327,12845567,-1
148.0589599609375,300.5687255859375,2.145294189453125,156.07781982421875,0.021779919043183327,12845567,-1
148.16171264648438,267.3816223144531,1.9084478616714478,314.69403076171875,0.01697043888270855,4391423,-1
148.16171264648438,267.3816223144531,1.9084478616714478,328.1329345703125,0.01697043888270855,4391423,-1
150.73001098632812,286.97467041015625,2.672759771347046,190.86294555664062,0.01892547681927681,12059391,-1
151.59458923339844,137.03366088867188,5.505509376525879,101.94903564453125,0.01728919707238674,14156288,-1
151.7751007080078,301.0035400390625,2.0000340938568115,22.36578369140625,0.022501181811094284,7799295,-1
151.7751007080078,301.0035400390625,2.0000340938568115,349.4410095214844,0.022501181811094284,7799295,-1
152.07977294921875,219.44712829589844,2.126156806945801,60.104949951171875,0.017797240987420082,12190207,-1
152.47462463378906,275.5208740234375,2.0315539836883545,142.88583374023438,0.013445992022752762,8913407,-1
153.1196746826172,240.41671752929688,2.811532735824585,251.33763122558594,0.013828076422214508,15729407,-1
153.388671875,298.2505187988281,2.1127431392669678,346.785888671875,0.013847257941961288,11731455,-1
153.61978149414062,271.6358642578125,1.9337478876113892,352.5652770996094,0.017836719751358032,5374463,-1
154.46649169921875,236.7313995361328,2.303553342819214,263.89129638671875,0.018794270232319832,1311487,-1
158.0021514892578,204.08473205566406,1.8612422943115234,240.97959899902344,0.01573982648551464,2556415,-1
158.52505493164062,250.61380004882812,2.899596691131592,200.14491271972656,0.014973439276218414,1246207,-1
159.1177520751953,290.7351989746094,1.8703607320785522,0.445281982421875,0.024466197937726974,2949631,-1
159.18222045898438,296.669189453125,3.867361545562744,64.04681396484375,0.020238781347870827,5374208,-1
161.48245239257812,131.16439819335938,2.148580551147461,99.610107421875,0.013890006579458714,12976639,-1
161.5045166015625,261.3471984863281,2.5090644359588623,93.56610107421875,0.022995397448539734,7471871,-1
161.5647735595703,224.9135284423828,2.7715277671813965,243.3566131591797,0.016578562557697296,14680831,-1
161.84378051757812,287.4080810546875,2.101968288421631,295.0611572265625,0.018907694146037102,11403775,-1
162.2987823486328,132.29661560058594,6.81191349029541,98.37835693359375,0.017300717532634735,12845824,-1
162.86244201660156,255.14682006835938,2.514648199081421,296.24810791015625,0.022902723401784897,7602943,-1
163.24986267089844,39.305259704589844,1.8954397439956665,127.38165283203125,0.01710517704486847,3932671,-1
163.2814483642578,289.1051940917969,3.274364471435547,49.92510986328125,0.016918012872338295,10028031,-1
164.97213745117188,208.44613647460938,1.8332918882369995,67.83984375,0.013798384927213192,1507839,-1
164.97213745117188,208.44613647460938,1.8332918882369995,256.2989501953125,0.013798384927213192,1507839,-1
165.06588745117188,290.1112060546875,5.6376872062683105,48.0714111328125,0.01620989479124546,15925760,-1
165.3629150390625,262.5868835449219,2.003462076187134,49.02978515625,0.018327699974179268,7930367,-1
165.3629150390625,262.5868835449219,2.003462076187134,209.56361389160156,0.018327699974179268,7930367,-1
165.393798828125,278.082763671875,2.048405408859253,313.66943359375,0.024233926087617874,9503231,-1
165.55706787109375,274.6454162597656,1.9797910451889038,318.336181640625,0.02626711316406727,7078399,-1
167.4208984375,208.58517456054688,5.363421440124512,23.8013916015625,0.0167084913700819,12255744,-1
167.4208984375,208.58517456054688,5.363421440124512,55.8853759765625,0.0167084913700819,12255744,-1
169.7076416015625,228.91232299804688,1.84087336063385,62.950408935546875,0.02127399481832981,1769983,-1
169.90452575683594,253.57919311523438,2.589184284210205,58.95928955078125,0.02292872965335846,9765631,-1
170.16311645507812,142.45501708984375,1.9373308420181274,91.98129272460938,0.013384883292019367,5505535,-1
170.5154571533203,208.35791015625,2.1441075801849365,22.2366943359375,0.016741352155804634,12845567,-1
170.5333251953125,288.3509216308594,2.07954478263855,39.48345947265625,0.015990514308214188,10617343,-1
171.50198364257812,198.27200317382812,6.487557411193848,19.1309814453125,0.015033705160021782,9306880,-1
171.66567993164062,204.52964782714844,1.8452738523483276,17.576324462890625,0.015326429158449173,1966591,-1
173.21975708007812,262.0521240234375,3.4268226623535156,108.49586486816406,0.01627342589199543,13304831,-1
173.94973754882812,262.6145324707031,4.647694110870361,109.53565979003906,0.015422394499182701,1901056,-1
173.94973754882812,262.6145324707031,4.647694110870361,312.9865417480469,0.015422394499182701,1901056,-1
173.9605712890625,283.135498046875,3.0499730110168457,37.206878662109375,0.014064990915358067,4916223,-1
174.3443145751953,279.9951171875,5.743289470672607,34.5765380859375,0.01469497475773096,525056,-1
174.5128936767578,272.668212890625,2.3263070583343506,310.6373291015625,0.013639869168400764,2032383,-1
175.8870849609375,269.84161376953125,1.8587791919708252,154.7022247314453,0.014834676869213581,2490879,-1
175.8870849609375,269.84161376953125,1.8587791919708252,306.0238037109375,0.014834676869213581,2490879,-1
176.75973510742188,191.0625762939453,1.8024253845214844,32.92059326171875,0.016402162611484528,262655,-1
176.97715759277344,246.8174285888672,2.296964406967163,64.54232788085938,0.018806125968694687,1114879,-1
178.5380859375,264.27783203125,3.4006831645965576,107.7510986328125,0.015531492419540882,12780543,-1
178.5380859375,264.27783203125,3.4006831645965576,279.2629089355469,0.015531492419540882,12780543,-1
178.77395629882812,350.9172668457031,1.9597994089126587,66.29623413085938,0.03312920033931732,6291967,-1
179.1174774169922,37.32016372680664,16.93649673461914,265.04449462890625,0.051662374287843704,11927810,-1
179.68807983398438,181.68374633789062,7.737077236175537,29.92822265625,0.015011562034487724,5374209,-1
180.9140625,200.4636993408203,9.513847351074219,19.564666748046875,0.025904443114995956,3604993,-1
182.68260192871094,242.04153442382812,2.2398011684417725,75.29278564453125,0.01644214428961277,15991295,-1
182.68260192871094,242.04153442382812,2.2398011684417725,236.89691162109375,0.01644214428961277,15991295,-1
184.8092803955078,356.7791748046875,10.029829978942871,85.59649658203125,0.041305799037218094,7406081,-1
185.19888305664062,358.45526123046875,12.517648696899414,95.59298706054688,0.04108468070626259,6750977,-1
185.32907104492188,360.46234130859375,15.117182731628418,87.36590576171875,0.04074444621801376,3670274,-1
185.37696838378906,263.4479675292969,1.861311912536621,73.15328979492188,0.018268680199980736,2556415,-1
187.011962890625,79.57599639892578,1.842829942703247,73.2955322265625,0.02286100760102272,1835519,-1
188.34161376953125,349.40362548828125,2.1923704147338867,101.2275390625,0.06050650775432587,14418431,-1
188.90113830566406,76.59786224365234,1.9805353879928589,76.60760498046875,0.014073889702558517,7078399,-1
189.22482299804688,197.5595703125,4.235348701477051,195.54830932617188,0.016825009137392044,11927808,-1
190.0167236328125,259.9875793457031,7.970704555511475,34.06939697265625,0.015264065004885197,7536897,-1
190.10806274414062,345.5497741699219,2.054478168487549,240.85916137695312,0.02145991288125515,9699839,-1
190.45826721191406,130.62586975097656,2.7387585639953613,78.331298828125,0.018460962921380997,13828863,-1
191.3389892578125,233.97988891601562,2.3682427406311035,271.92822265625,0.015100795775651932,3277567,-1
193.10525512695312,248.06045532226562,1.9826112985610962,310.92352294921875,0.01568480208516121,7143935,-1
193.13946533203125,348.83795166015625,5.255639553070068,102.290771484375,0.05756343901157379,10813952,-1
193.54476928710938,240.14283752441406,3.380571126937866,163.15103149414062,0.016137583181262016,12321791,-1
193.54476928710938,240.14283752441406,3.380571126937866,249.52590942382812,0.016137583181262016,12321791,-1
195.33419799804688,205.40536499023438,2.0096442699432373,80.68621826171875,0.025863226503133774,8126975,-1
195.33419799804688,205.40536499023438,2.0096442699432373,256.48040771484375,0.025863226503133774,8126975,-1
195.59678649902344,106.71529388427734,12.68652629852295,332.2967224121094,0.02753576822578907,7734017,-1
195.62686157226562,75.20428466796875,2.024348258972168,62.54925537109375,0.01504412479698658,8651263,-1
195.8754425048828,202.38729858398438,2.035217523574829,88.39596557617188,0.013438761234283447,9044479,-1
196.2296600341797,195.59814453125,2.406075954437256,54.73516845703125,0.014013406820595264,4457215,-1
196.47059631347656,256.18634033203125,1.8893407583236694,15.285888671875,0.015262295491993427,3670527,-1
197.97201538085938,198.5624237060547,2.639698028564453,52.99176025390625,0.015250014141201973,11141887,-1
198.00265502929688,246.87045288085938,6.346251964569092,23.78607177734375,0.014541092328727245,7734016,-1
198.8375701904297,176.5646209716797,3.4112725257873535,213.10186767578125,0.014363843016326427,12977151,-1
198.90652465820312,198.0342254638672,67.74303436279297,57.040679931640625,0.019248340278863907,11927812,-1
199.12255859375,339.8669738769531,2.4054276943206787,236.34805297851562,0.03360418975353241,4391679,-1
200.82029724121094,226.58847045898438,3.1771256923675537,91.0694580078125,0.013861519284546375,7865343,-1
200.890380859375,79.43524169921875,1.8439794778823853,262.52008056640625,0.014269668608903885,1901055,-1
201.13955688476562,196.28785705566406,2.1280641555786133,49.230010986328125,0.015030333772301674,12255743,-1
201.83462524414062,186.3851776123047,9.262450218200684,39.750091552734375,0.024208977818489075,1638913,-1
201.83462524414062,186.3851776123047,9.262450218200684,217.78541564941406,0.024208977818489075,1638913,-1
201.83558654785156,235.1178741455078,6.846505165100098,14.97711181640625,0.017284849658608437,13239040,-1
202.2985076904297,93.63713836669922,3.0162134170532227,130.69638061523438,0.01422729343175888,4064255,-1
203.014892578125,198.4213104248047,1.9469889402389526,58.911773681640625,0.013621061109006405,5833215,-1
203.014892578125,198.4213104248047,1.9469889402389526,237.87448120117188,0.013621061109006405,5833215,-1
203.2600860595703,355.0630798339844,2.706416368484497,97.39068603515625,0.04030623286962509,12976895,-1
203.94390869140625,231.85910034179688,3.8436219692230225,3.110687255859375,0.018147913739085197,4915456,-1
204.03704833984375,176.51669311523438,4.108798503875732,215.04855346679688,0.015082565136253834,9699584,-1
204.3283233642578,193.6196746826172,3.4991230964660645,57.314117431640625,0.01593402586877346,14812159,-1
204.3524169921875,231.34742736816406,2.9967377185821533,358.5256652832031,0.018465368077158928,3605503,-1
204.97898864746094,97.30726623535156,2.2060768604278564,139.54103088378906,0.015670426189899445,14877183,-1
205.037353515625,214.82766723632812,10.297110557556152,18.013458251953125,0.015403017401695251,9306625,-1
205.60330200195312,153.22911071777344,6.4171600341796875,50.523651123046875,0.013530329801142216,8520448,-1
207.05307006835938,352.8600769042969,2.577378988265991,99.40411376953125,0.03708544000983238,9437951,-1
207.6651153564453,222.34368896484375,2.4097042083740234,33.851348876953125,0.013655408285558224,4522751,-1
209.5801544189453,199.38763427734375,1.9237943887710571,307.708251953125,0.01366829127073288,4981247,-1
209.5801544189453,199.38763427734375,1.9237943887710571,357.5165710449219,0.01366829127073288,4981247,-1
210.88726806640625,30.08968162536621,1.9998806715011597,150.48048400878906,0.014685676433146,7799295,-1
210.88726806640625,30.08968162536621,1.9998806715011597,272.3869323730469,0.014685676433146,7799295,-1
211.9437255859375,52.64455795288086,15.92148494720459,327.97412109375,0.018292129039764404,7405826,-1
212.49066162109375,167.5576171875,3.9650635719299316,234.8486785888672,0.013862763531506062,7143680,-1
214.28358459472656,354.3321533203125,2.198319911956787,99.66912841796875,0.03435102105140686,14615039,-1
214.6866455078125,327.5157775878906,2.028357744216919,227.26390075683594,0.025814291089773178,8782335,-1
215.09371948242188,229.8740997314453,14.179152488708496,200.77316284179688,0.026212330907583237,15729409,-1
217.1421661376953,145.57211303710938,3.9908950328826904,51.95709228515625,0.014460433274507523,7602432,-1
217.3682861328125,240.494140625,2.146623134613037,203.91836547851562,0.013740121386945248,12911103,-1
219.1664581298828,193.40969848632812,15.156880378723145,188.94284057617188,0.023339521139860153,3866882,-1
220.00927734375,341.53955078125,25.654088973999023,95.55160522460938,0.06975214928388596,8520450,-1
221.1350860595703,160.58441162109375,4.4690399169921875,221.3826904296875,0.015982642769813538,15794432,-1
221.61175537109375,173.27735900878906,3.4414470195770264,68.12237548828125,0.013776220381259918,13632511,-1
222.7751007080078,318.769775390625,3.0040180683135986,221.71298217773438,0.02444622293114662,3802111,-1
222.83778381347656,318.6135559082031,3.1490085124969482,221.63890075683594,0.024389661848545074,7209983,-1
223.7419891357422,175.94041442871094,1.8944389820098877,61.261383056640625,0.01816720888018608,3867135,-1
225.1279754638672,175.14874267578125,2.501370906829834,65.65380859375,0.017843352630734444,7275263,-1
227.58164978027344,361.36865234375,4.776724338531494,102.86318969726562,0.03279533237218857,3932672,-1
227.66217041015625,137.89239501953125,5.928040027618408,11.44677734375,0.014947120100259781,2818816,-1
228.38255310058594,32.12998580932617,2.1326658725738525,291.4924011230469,0.034444890916347504,12452351,-1
228.51699829101562,76.06788635253906,2.811051607131958,265.2048645019531,0.018595781177282333,15663871,-1
228.5355987548828,164.3656463623047,13.321423530578613,225.6865997314453,0.017117517068982124,11272961,-1
230.6362762451172,126.4690933227539,2.3891777992248535,49.583587646484375,0.0355331227183342,3932927,-1
232.15008544921875,311.2672424316406,1.837894320487976,221.1840057373047,0.02672594226896763,1638911,-1
232.47113037109375,177.2849578857422,3.717304229736328,149.73880004882812,0.013617069460451603,2490624,-1
232.66552734375,359.1028137207031,1.914143443107605,110.95640563964844,0.030038708820939064,4588031,-1
232.97076416015625,292.028564453125,2.17718505859375,226.07809448242188,0.01382596418261528,13894143,-1
232.97076416015625,292.028564453125,2.17718505859375,355.6850280761719,0.01382596418261528,13894143,-1
233.91360473632812,143.95327758789062,6.566775798797607,242.19989013671875,0.02133656106889248,10224384,-1
233.9692840576172,303.4322204589844,3.0782296657562256,210.13612365722656,0.024741247296333313,5571583,-1
234.05685424804688,227.8085479736328,1.8992283344268799,297.086669921875,0.02209482342004776,4063743,-1
234.26336669921875,316.162109375,8.702300071716309,40.969573974609375,0.036582235246896744,13893889,-1
234.26336669921875,316.162109375,8.702300071716309,229.6928253173828,0.036582235246896744,13893889,-1
234.48899841308594,64.0766830444336,11.79768180847168,144.34500122070312,0.01650257408618927,2491137,-1
235.00599670410156,213.19189453125,2.1902565956115723,183.0602264404297,0.023376088589429855,14352895,-1
235.00599670410156,213.19189453125,2.1902565956115723,295.6644287109375,0.023376088589429855,14352895,-1
236.07717895507812,329.1297302246094,1.9674183130264282,323.40966796875,0.0436435304582119,6619647,-1
236.47140502929688,298.22418212890625,2.708341360092163,203.8149871826172,0.034446872770786285,12976895,-1
237.09144592285156,202.35806274414062,1.9044612646102905,326.8060607910156,0.020174402743577957,4260351,-1
238.14767456054688,225.20916748046875,1.8614648580551147,10.3701171875,0.01639273203909397,2621951,-1
238.14767456054688,225.20916748046875,1.8614648580551147,56.48968505859375,0.01639273203909397,2621951,-1
238.14767456054688,225.20916748046875,1.8614648580551147,319.5050964355469,0.01639273203909397,2621951,-1
238.30360412597656,325.0422058105469,4.924994945526123,333.45343017578125,0.057057831436395645,6095360,-1
239.57904052734375,317.960205078125,4.123088359832764,51.21893310546875,0.030190423130989075,9961728,-1
240.1360321044922,297.7148132324219,1.8766192197799683,207.19198608398438,0.031954340636730194,3146239,-1
241.20059204101562,286.9031982421875,3.4548542499542236,206.2106170654297,0.031162329018115997,13894655,-1
241.3348388671875,336.91815185546875,1.9461554288864136,338.7409973144531,0.04184579849243164,5833215,-1
241.5996856689453,318.2809143066406,2.0938029289245605,53.516143798828125,0.033140625804662704,11076095,-1
241.8146514892578,131.7322998046875,17.29938316345215,45.680694580078125,0.03614095225930214,13435138,-1
242.00013732910156,229.26707458496094,1.9930952787399292,313.7880859375,0.01631881669163704,7537151,-1
242.3096160888672,179.0640869140625,2.017887830734253,104.26374816894531,0.014635969884693623,8454655,-1
242.3096160888672,179.0640869140625,2.017887830734253,126.60122680664062,0.014635969884693623,8454655,-1
242.3096160888672,179.0640869140625,2.017887830734253,340.1794738769531,0.014635969884693623,8454655,-1
243.7088623046875,344.9815368652344,3.828026294708252,331.8019104003906,0.024947358295321465,4587776,-1
243.85047912597656,232.19186401367188,1.9772872924804688,35.56878662109375,0.0160257276147604,6947327,-1
243.85047912597656,232.19186401367188,1.9772872924804688,325.3597717285156,0.0160257276147604,6947327,-1
244.1737518310547,181.52684020996094,2.6629104614257812,129.16720581054688,0.018550988286733627,11797247,-1
244.59075927734375,74.33599853515625,2.6425766944885254,258.8621826171875,0.017443114891648293,11207423,-1
245.0876007080078,277.9231262207031,2.1415598392486572,200.97811889648438,0.03349776566028595,12714495,-1
245.5355682373047,70.57838439941406,3.044231414794922,255.732177734375,0.01633983664214611,4719615,-1
246.12307739257812,271.3935241699219,6.86877965927124,10.734710693359375,0.02131398394703865,13501184,-1
246.12307739257812,271.3935241699219,6.86877965927124,241.67303466796875,0.02131398394703865,13501184,-1
246.15866088867188,112.60160064697266,9.421660423278809,56.393890380859375,0.02349061891436577,2884097,-1
246.74147033691406,326.3836669921875,13.472838401794434,347.4800109863281,0.05784519389271736,12059393,-1
247.63165283203125,367.0128173828125,3.7827630043029785,108.93881225585938,0.024704745039343834,3735808,-1
248.39794921875,365.8096008300781,2.0913867950439453,112.91551208496094,0.02587205544114113,11010559,-1
248.76361083984375,327.8139343261719,15.391883850097656,351.4244384765625,0.05710935220122337,4980994,-1
248.99464416503906,352.81378173828125,2.9545531272888184,339.955078125,0.029265061020851135,2556927,-1
249.1949005126953,258.79541015625,2.574399709701538,26.2625732421875,0.019680218771100044,9306879,-1
249.1949005126953,258.79541015625,2.574399709701538,204.50755310058594,0.019680218771100044,9306879,-1
249.61944580078125,148.25009155273438,10.960575103759766,253.31741333007812,0.0166139155626297,13828609,-1
249.73135375976562,244.13644409179688,2.3350038528442383,351.9730224609375,0.0205564983189106,2294527,-1
249.90475463867188,346.8811340332031,3.87762451171875,330.7572326660156,0.022806676104664803,5505280,-1
250.8350372314453,363.038818359375,4.797552108764648,102.60015869140625,0.03969661518931389,4194816,-1
250.8350372314453,363.038818359375,4.797552108764648,344.048828125,0.03969661518931389,4194816,-1
251.41709899902344,113.3560791015625,2.9263551235198975,53.3603515625,0.02636447548866272,1901567,-1
252.62806701660156,355.7249450683594,2.457792282104492,347.8860168457031,0.023860817775130272,5964543,-1
252.80601501464844,208.5059814453125,4.177272319793701,21.430328369140625,0.022082753479480743,10944768,-1
252.8227081298828,242.2554931640625,1.9431499242782593,161.423828125,0.014376715756952763,5702143,-1
252.8227081298828,242.2554931640625,1.9431499242782593,195.41995239257812,0.014376715756952763,5702143,-1
253.51898193359375,214.24647521972656,2.9564852714538574,42.34619140625,0.01845441199839115,2622463,-1
253.51898193359375,214.24647521972656,2.9564852714538574,263.22308349609375,0.01845441199839115,2622463,-1
255.07835388183594,288.1759033203125,16.1018123626709,337.7724609375,0.03994340822100639,8257794,-1
255.48577880859375,197.55755615234375,3.918039083480835,55.122406005859375,0.020802905783057213,6291712,-1
256.4004211425781,137.14683532714844,5.078914165496826,266.4744567871094,0.01823209412395954,8323584,-1
256.9773864746094,190.63021850585938,2.1177520751953125,111.9364013671875,0.019660944119095802,11928063,-1
256.9773864746094,190.63021850585938,2.1177520751953125,330.968994140625,0.019660944119095802,11928063,-1
257.1891174316406,142.4244384765625,2.480473279953003,278.92620849609375,0.017523493617773056,6619903,-1
257.5087890625,211.813232421875,4.502823352813721,16.44268798828125,0.018455063924193382,16318720,-1
257.5087890625,211.813232421875,4.502823352813721,278.4996032714844,0.018455063924193382,16318720,-1
257.64996337890625,218.80325317382812,4.8331403732299805,282.9356994628906,0.015180544927716255,4784640,-1
258.39892578125,138.92506408691406,2.7194974422454834,278.19635009765625,0.017240310087800026,13304575,-1
259.6265869140625,110.55265808105469,2.0771090984344482,50.395660400390625,0.019185176119208336,10551807,-1
261.9047546386719,192.89341735839844,2.0652737617492676,96.17935180664062,0.020283551886677742,10093055,-1
262.94769287109375,297.4821472167969,1.914584755897522,53.733612060546875,0.01602955348789692,4653567,-1
263.25836181640625,107.83358001708984,2.5374064445495605,49.944244384765625,0.0188477523624897,8258303,-1
263.6528625488281,187.29327392578125,5.406601905822754,69.22677612304688,0.015232539735734463,12845568,-1
264.0853271484375,220.1155548095703,2.4772801399230957,250.27874755859375,0.014893834479153156,6554367,-1
264.0853271484375,220.1155548095703,2.4772801399230957,359.8143615722656,0.014893834479153156,6554367,-1
264.9623718261719,158.9320526123047,3.1749281883239746,112.21037292480469,0.019352640956640244,7799807,-1
266.01800537109375,132.26075744628906,4.738027095794678,247.1097412109375,0.015354497358202934,3342848,-1
266.3159484863281,169.52798461914062,2.0993552207946777,141.22802734375,0.016666846349835396,11272703,-1
266.3159484863281,169.52798461914062,2.0993552207946777,352.0719909667969,0.016666846349835396,11272703,-1
266.6831970214844,74.8778076171875,29.530973434448242,308.10443115234375,0.06649097055196762,1966339,-1
266.7234191894531,193.5438232421875,4.798681259155273,69.1312255859375,0.017121532931923866,4260352,-1
266.8723449707031,317.8966064453125,3.1463372707366943,93.05572509765625,0.03448900580406189,7144447,-1
267.3975524902344,318.41693115234375,2.2544143199920654,91.83721923828125,0.03461933881044388,16450047,-1
267.4380798339844,186.84426879882812,2.2102057933807373,49.76629638671875,0.015819765627384186,15008255,-1
267.6662292480469,138.7042999267578,5.811734676361084,244.18023681640625,0.01621497981250286,1377024,-1
268.0550537109375,75.26695251464844,28.1756591796875,309.5594482421875,0.06712783873081207,15270658,-1
268.1802062988281,283.1032409667969,2.472916603088379,296.89495849609375,0.0478956513106823,6423295,-1
268.7043762207031,190.3214874267578,2.5908896923065186,52.896392822265625,0.01794549636542797,9765631,-1
269.6391296386719,224.33909606933594,4.822764873504639,278.4052429199219,0.016113290563225746,4588032,-1
270.0827941894531,126.83080291748047,2.526167869567871,253.3848114013672,0.016975155100226402,7996159,-1
270.98370361328125,287.5935363769531,3.2821571826934814,299.626220703125,0.052459653466939926,10159103,-1
271.68707275390625,205.77862548828125,1.9986904859542847,17.47052001953125,0.01613416150212288,7733759,-1
272.6531677246094,194.99461364746094,2.1590993404388428,26.34649658203125,0.03996038809418678,13304319,-1
272.6531677246094,194.99461364746094,2.1590993404388428,184.5395050048828,0.03996038809418678,13304319,-1
272.6531677246094,194.99461364746094,2.1590993404388428,338.3060607910156,0.03996038809418678,13304319,-1
273.08740234375,143.66183471679688,1.8268909454345703,211.09716796875,0.029055079445242882,1245695,-1
275.5137634277344,220.39268493652344,3.5032448768615723,212.04541015625,0.0156535767018795,14877695,-1
275.5137634277344,220.39268493652344,3.5032448768615723,287.2772216796875,0.0156535767018795,14877695,-1
276.6785888671875,204.5572967529297,26.938257217407227,76.87661743164062,0.0319087989628315,12059394,-1
276.8435974121094,185.7570037841797,3.2884585857391357,73.04043579101562,0.021438095718622208,10355711,-1
276.90985107421875,185.02806091308594,3.9811742305755615,70.73284912109375,0.02138386480510235,7471360,-1
277.03253173828125,210.67645263671875,2.0445480346679688,320.13775634765625,0.015575340017676353,9372159,-1
277.24664306640625,191.2252655029297,4.576172351837158,79.69415283203125,0.01969454251229763,786944,-1
278.2300109863281,283.3819274902344,10.20108699798584,333.1556396484375,0.040408674627542496,8651265,-1
281.2469787597656,133.92173767089844,2.4195101261138916,271.2140197753906,0.01459458190947771,4850431,-1
281.4972839355469,129.47372436523438,4.248509883880615,272.3707275390625,0.016617245972156525,12124416,-1
282.12921142578125,65.9928207397461,2.0032427310943604,310.5149841308594,0.025362476706504822,7930367,-1
282.1579895019531,186.5384979248047,3.450589418411255,54.33319091796875,0.017564736306667328,13829119,-1
283.18780517578125,157.82211303710938,2.043840169906616,33.5826416015625,0.02488105371594429,9372159,-1
283.7752380371094,214.959716796875,2.1136293411254883,259.30169677734375,0.013775906525552273,11796991,-1
284.0177307128906,274.7098083496094,5.399970531463623,83.8682861328125,0.01868041604757309,12780032,-1
284.8152160644531,192.68157958984375,1.988943099975586,121.56233215332031,0.01703997328877449,7406079,-1
286.1947021484375,153.0519256591797,1.978468894958496,18.86102294921875,0.015334995463490486,7012863,-1
286.749267578125,211.32005310058594,6.88387393951416,227.28253173828125,0.017030127346515656,13632256,-1
286.749267578125,211.32005310058594,6.88387393951416,249.78652954101562,0.017030127346515656,13632256,-1
287.7920837402344,190.36021423339844,3.1621530055999756,81.1890869140625,0.019955728203058243,7472127,-1
288.0634460449219,320.1223449707031,2.0246989727020264,87.06903076171875,0.028837228193879128,8651263,-1
289.30767822265625,174.44163513183594,2.3791284561157227,25.62908935546875,0.018343111500144005,3605247,-1
289.717041015625,215.20852661132812,2.7539217472076416,286.47027587890625,0.021918093785643578,14222079,-1
291.10357666015625,275.8845520019531,2.0757973194122314,76.89825439453125,0.017041455954313278,10486271,-1
292.1187438964844,197.73094177246094,8.7545166015625,104.89584350585938,0.02135225012898445,14287105,-1
293.3365783691406,122.96517944335938,1.8912807703018188,264.64569091796875,0.01941203512251377,3736063,-1
294.198486328125,211.801025390625,4.31552267074585,201.64443969726562,0.017302919179201126,13304064,-1
295.959228515625,271.5830993652344,6.421441555023193,70.0625,0.01511890534311533,8585984,-1
296.25872802734375,135.88429260253906,4.545110702514648,268.6973571777344,0.013565128669142723,328192,-1
296.2823791503906,274.42694091796875,1.9365657567977905,72.054443359375,0.01985187828540802,5439999,-1
296.42645263671875,319.0127258300781,1.842408537864685,78.125244140625,0.03300836309790611,1835519,-1
297.222412109375,206.09132385253906,2.761960506439209,256.62933349609375,0.019938400015234947,14418687,-1
297.7688903808594,202.91139221191406,2.089853525161743,131.20582580566406,0.0184189323335886,10945023,-1
299.600830078125,123.67607879638672,3.181515693664551,271.5221252441406,0.020840207114815712,7930879,-1
300.10498046875,201.46311950683594,4.666114330291748,189.00872802734375,0.01941724494099617,2228736,-1
300.37744140625,317.9529113769531,1.8692959547042847,71.89166259765625,0.03101772628724575,2884095,-1
300.9090881347656,271.9602966308594,2.507981777191162,67.231201171875,0.019267573952674866,7471871,-1
300.9752197265625,195.17721557617188,2.038201093673706,81.7373046875,0.01933104172348976,9175551,-1
301.46746826171875,212.2460174560547,2.367795705795288,257.15911865234375,0.015865379944443703,3277567,-1
305.5693359375,314.4544677734375,1.8621234893798828,74.70135498046875,0.033388860523700714,2621951,-1
305.7047424316406,136.27581787109375,5.033802032470703,284.61053466796875,0.013951616361737251,7668224,-1
306.0544128417969,268.9403991699219,3.482895612716675,67.78683471679688,0.015099523589015007,14484479,-1
306.09564208984375,145.82225036621094,1.8823330402374268,48.434844970703125,0.018485749140381813,3408383,-1
306.09564208984375,145.82225036621094,1.8823330402374268,202.45144653320312,0.018485749140381813,3408383,-1
306.09564208984375,145.82225036621094,1.8823330402374268,231.87374877929688,0.018485749140381813,3408383,-1
308.8218078613281,135.85565185546875,2.176344156265259,298.78668212890625,0.014238301664590836,13894143,-1
309.20703125,209.87869262695312,1.8335962295532227,260.8677978515625,0.015622966922819614,1507839,-1
309.8465576171875,124.61492919921875,3.254182815551758,279.5914306640625,0.01966654509305954,9569279,-1
312.88360595703125,131.85107421875,5.946310043334961,279.44097900390625,0.019546184688806534,3015424,-1
316.0967102050781,268.9762878417969,2.0764245986938477,62.26544189453125,0.014639843255281448,10486271,-1
317.6984558105469,125.22187042236328,2.360753297805786,273.2225036621094,0.021009737625718117,3080959,-1
319.6949768066406,137.1840362548828,3.751945972442627,280.26556396484375,0.0141969695687294,3145984,-1
325.642578125,256.07177734375,4.188315391540527,36.561553955078125,0.02287961356341839,11141376,-1
328.6368103027344,142.01116943359375,5.637007236480713,291.4678955078125,0.013347904197871685,15860224,-1
331.9832458496094,252.37672424316406,2.1297059059143066,100.77984619140625,0.01891167089343071,12321279,-1
332.5546875,171.0460968017578,47.767784118652344,299.17291259765625,0.025179311633110046,3343107,-1
333.034423828125,128.12486267089844,2.714761972427368,285.6976318359375,0.01771700009703636,13173503,-1
334.2701721191406,259.5329895019531,9.998152732849121,237.72482299804688,0.03315414860844612,7209473,-1
334.4267272949219,302.04705810546875,1.8567167520523071,58.640380859375,0.03217777609825134,2425343,-1
335.19677734375,248.83563232421875,6.520219326019287,64.33016967773438,0.023822663351893425,9700096,-1
336.9358825683594,303.5879821777344,2.6197030544281006,59.838348388671875,0.02704637311398983,10617599,-1
338.0047302246094,130.04244995117188,2.8476552963256836,292.4319152832031,0.0200320053845644,16646911,-1
338.0137023925781,242.23526000976562,2.180771589279175,43.72735595703125,0.015341965481638908,14025215,-1
338.0137023925781,242.23526000976562,2.180771589279175,259.080322265625,0.015341965481638908,14025215,-1
340.22161865234375,228.6011962890625,1.8597677946090698,92.26251220703125,0.018221670761704445,2556415,-1
341.4888000488281,145.76934814453125,3.3450443744659424,303.0574951171875,0.016018232330679893,11535359,-1
342.22613525390625,296.7940368652344,2.1877779960632324,55.56463623046875,0.03347690403461456,14287359,-1
343.53656005859375,211.56541442871094,2.005383253097534,280.43035888671875,0.0174905713647604,7995903,-1
346.8648986816406,293.5372619628906,1.9434694051742554,51.51837158203125,0.035036295652389526,5702143,-1
348.3736572265625,135.0381317138672,2.405348539352417,292.41571044921875,0.01818881370127201,4391679,-1
348.8981628417969,144.5642547607422,6.706204891204834,297.8771667480469,0.019990986213088036,11731712,-1
351.3642883300781,152.2845458984375,3.9536690711975098,297.7237854003906,0.01615718938410282,6947072,-1
352.2971496582031,155.17770385742188,6.502868175506592,302.49371337890625,0.01591666229069233,9503488,-1
353.7404479980469,138.06777954101562,2.696221113204956,299.4725036621094,0.01649974100291729,12649215,-1
356.40679931640625,157.3103790283203,3.959636688232422,313.4814758300781,0.01726646162569523,7078144,-1
358.14422607421875,240.42050170898438,9.621114730834961,38.80816650390625,0.029900332912802696,4391425,-1
358.14422607421875,240.42050170898438,9.621114730834961,226.77455139160156,0.029900332912802696,4391425,-1
359.0705261230469,230.4410858154297,2.064337730407715,39.737518310546875,0.016456671059131622,10093055,-1
360.1190490722656,284.7793273925781,1.9379827976226807,43.3768310546875,0.024879954755306244,5505535,-1
363.85870361328125,281.5156555175781,2.635668992996216,40.236907958984375,0.024701107293367386,11010815,-1
365.7840881347656,213.10684204101562,4.041770935058594,35.871246337890625,0.01889750175178051,8519936,-1
366.3785400390625,207.19142150878906,7.782845497131348,25.47686767578125,0.017894254997372627,5767425,-1
366.8135070800781,214.00051879882812,2.2098140716552734,36.792877197265625,0.019043121486902237,15008255,-1
369.1189270019531,174.06190490722656,2.9658915996551514,8.535400390625,0.01831921748816967,2884607,-1
369.8194885253906,189.29957580566406,6.0921454429626465,352.68292236328125,0.01910034939646721,4784896,-1
370.1216125488281,222.51513671875,10.137670516967773,24.64630126953125,0.029746446758508682,8192513,-1
371.0079650878906,267.1430358886719,2.454906940460205,30.186920166015625,0.0279556717723608,5899007,-1
371.2649841308594,185.38442993164062,2.24947452545166,343.5562744140625,0.01358148455619812,16318975,-1
371.9147033691406,190.31080627441406,2.2602615356445312,358.19024658203125,0.021855350583791733,16646655,-1
375.0282287597656,258.2376403808594,3.624971389770508,24.85797119140625,0.023702125996351242,655616,-1
375.80340576171875,258.5802001953125,1.8588236570358276,27.15533447265625,0.026342840865254402,2490879,-1
378.6108093261719,162.60398864746094,3.3287200927734375,334.5120849609375,0.01753951609134674,11207679,-1
383.31854248046875,175.2379608154297,4.610191345214844,338.8656311035156,0.01989324390888214,1311232,-1
386.1357727050781,208.99293518066406,6.9930243492126465,358.2752685546875,0.024018652737140656,14746368,-1
386.7531433105469,197.0434112548828,5.883434772491455,353.14312744140625,0.021801093593239784,2294528,-1
387.4265441894531,221.76231384277344,2.7149362564086914,8.81915283203125,0.019334672018885612,13173503,-1
