37.769649505615234,182.11997985839844,3.788970708847046,179.73770141601562,0.03379596024751663,3866880,-1
39.10462188720703,180.40432739257812,2.0314009189605713,180.2860870361328,0.03802477568387985,8913407,-1
41.864402770996094,182.2587890625,2.140744924545288,132.528564453125,0.06733286380767822,12714495,-1
41.864402770996094,182.2587890625,2.140744924545288,177.67820739746094,0.06733286380767822,12714495,-1
46.05736541748047,181.56979370117188,7.2318010330200195,104.32951354980469,0.0896545797586441,459009,-1
46.05736541748047,181.56979370117188,7.2318010330200195,251.35617065429688,0.0896545797586441,459009,-1
53.64263916015625,173.9316864013672,5.91909646987915,173.53274536132812,0.07927252352237701,2687744,-1
53.6652946472168,159.23947143554688,2.071270704269409,160.23260498046875,0.061971522867679596,10289663,-1
53.910701751708984,149.0507049560547,2.140892744064331,12.31976318359375,0.03205673396587372,12714495,-1
55.3718376159668,194.68643188476562,10.289315223693848,114.22959899902344,0.04004812240600586,9306625,-1
55.65976333618164,145.04440307617188,2.485959529876709,34.664947509765625,0.03301379829645157,6816511,-1
56.35111999511719,196.40097045898438,12.049458503723145,117.06021118164062,0.03982306271791458,3998465,-1
57.1339111328125,138.95187377929688,4.188407897949219,324.3790588378906,0.0637054517865181,11141376,-1
58.36940383911133,166.9509735107422,4.98482084274292,165.95867919921875,0.058995600789785385,7012864,-1
60.126068115234375,176.5440673828125,3.1201515197753906,181.99546813964844,0.03286934643983841,6554623,-1
60.7511100769043,163.3706512451172,1.9095996618270874,290.37347412109375,0.029772374778985977,4456959,-1
61.61455154418945,185.15309143066406,2.5476839542388916,99.19912719726562,0.03553381934762001,8585983,-1
67.55998992919922,155.83102416992188,1.9501994848251343,21.980010986328125,0.02436300925910473,5964287,-1
70.67996215820312,153.692626953125,1.9493054151535034,320.9505920410156,0.0379304438829422,5898751,-1
71.71922302246094,177.65660095214844,24.95789909362793,320.9663391113281,0.10451357066631317,6488834,-1
73.3240966796875,238.88583374023438,3.9910411834716797,103.0194091796875,0.027707483619451523,7602432,-1
73.3240966796875,238.88583374023438,3.9910411834716797,278.61578369140625,0.027707483619451523,7602432,-1
74.79147338867188,161.30560302734375,4.078032493591309,317.150390625,0.06383898854255676,9175296,-1
76.4917221069336,157.38299560546875,1.9237791299819946,318.7041015625,0.03390178829431534,4981247,-1
81.0246810913086,184.56622314453125,5.042494297027588,85.04296875,0.01979994960129261,7799296,-1
86.12220001220703,177.8153839111328,6.147219657897949,330.06134033203125,0.06340481340885162,5440256,-1
92.43773651123047,182.91139221191406,2.277496099472046,357.8000793457031,0.03971586376428604,459519,-1
97.19005584716797,196.89337158203125,2.473031759262085,312.4293212890625,0.04135091230273247,6423295,-1
99.91139221191406,185.26358032226562,12.17219066619873,329.14666748046875,0.04629084840416908,4719361,-1
101.98421478271484,208.67555236816406,2.060450315475464,109.71337890625,0.05873258411884308,9961983,-1
174.28184509277344,229.41188049316406,2.2100417613983154,122.86598205566406,0.06345183402299881,15008255,-1
180.7333526611328,243.8292694091797,2.546596050262451,227.4921112060547,0.06393776834011078,8520447,-1
184.46786499023438,255.0430145263672,2.6717936992645264,100.1644287109375,0.05289478972554207,11993855,-1
186.7266082763672,240.0709991455078,2.1555261611938477,267.63726806640625,0.022829221561551094,13173247,-1
189.6388397216797,248.69859313964844,10.784918785095215,98.6351318359375,0.11030320823192596,12648961,-1
189.8511962890625,232.8672637939453,31.833364486694336,279.26043701171875,0.06038697063922882,7405827,-1
191.14913940429688,235.02732849121094,8.705755233764648,85.720703125,0.05773201957345009,13893889,-1
191.14913940429688,235.02732849121094,8.705755233764648,266.19329833984375,0.05773201957345009,13893889,-1
196.00613403320312,190.24569702148438,30.1464786529541,277.2755432128906,0.026206018403172493,3473667,-1
197.81591796875,253.97608947753906,2.8735177516937256,93.28570556640625,0.06880684196949005,590847,-1
198.31365966796875,247.6823272705078,1.8190199136734009,53.728668212890625,0.028964363038539886,918015,-1
199.71087646484375,250.81944274902344,2.1849114894866943,328.7440185546875,0.02735704928636551,14156287,-1
207.94052124023438,259.6795959472656,1.972391128540039,113.97225952148438,0.018144305795431137,6750719,-1
208.4866943359375,245.53892517089844,5.424908638000488,9.029815673828125,0.04646023362874985,13107712,-1
215.34381103515625,257.67254638671875,7.728342533111572,110.16448974609375,0.019642777740955353,5308673,-1
218.24008178710938,245.68377685546875,12.764832496643066,9.057769775390625,0.03640709072351456,8127233,-1
218.24008178710938,245.68377685546875,12.764832496643066,199.37460327148438,0.03640709072351456,8127233,-1
222.1033172607422,263.5172119140625,2.2673466205596924,102.42498779296875,0.02020624279975891,131839,-1
226.14251708984375,269.3327941894531,7.5686821937561035,109.98828125,0.02084225043654442,3801345,-1
227.22386169433594,268.9969787597656,6.411908149719238,109.23416137695312,0.020998749881982803,8520448,-1
228.47332763671875,260.5937194824219,3.0482873916625977,171.6037139892578,0.03445296362042427,4850687,-1
230.8012237548828,246.58566284179688,5.125064849853516,220.92221069335938,0.07446615397930145,8978944,-1
232.00816345214844,144.74313354492188,4.918111801147461,183.07656860351562,0.013645518571138382,6029824,-1
234.11602783203125,224.32925415039062,7.976823329925537,279.1253662109375,0.019134772941470146,7602433,-1
234.37783813476562,256.9085388183594,8.157637596130371,14.266998291015625,0.1189517229795456,9175297,-1
235.38510131835938,136.80752563476562,3.3765199184417725,172.3800048828125,0.021401211619377136,12256255,-1
235.38510131835938,136.80752563476562,3.3765199184417725,299.4281005859375,0.021401211619377136,12256255,-1
236.67575073242188,142.64735412597656,1.968177080154419,172.83441162109375,0.018254810944199562,6619647,-1
239.42971801757812,177.91836547851562,23.44600486755371,202.33094787597656,0.023800481110811234,1966850,-1
239.42971801757812,177.91836547851562,23.44600486755371,346.0941162109375,0.023800481110811234,1966850,-1
239.94390869140625,144.80259704589844,8.905442237854004,190.57150268554688,0.02641407400369644,15532289,-1
239.94390869140625,144.80259704589844,8.905442237854004,338.61370849609375,0.02641407400369644,15532289,-1
242.07481384277344,227.05734252929688,3.068376064300537,276.60174560546875,0.0166781023144722,5309439,-1
242.54519653320312,237.3038787841797,2.395514488220215,209.58380126953125,0.06018795818090439,4129535,-1
242.54519653320312,237.3038787841797,2.395514488220215,261.6656799316406,0.06018795818090439,4129535,-1
243.1404266357422,245.69691467285156,5.472672939300537,86.40493774414062,0.06330548226833344,13763072,-1
243.1404266357422,245.69691467285156,5.472672939300537,354.78826904296875,0.06330548226833344,13763072,-1
244.04690551757812,246.2432861328125,6.312890529632568,87.60714721679688,0.06284067034721375,7340800,-1
244.4008026123047,143.41583251953125,1.8679345846176147,334.1492614746094,0.015598461031913757,2818559,-1
245.66046142578125,148.56277465820312,1.8706196546554565,346.8781433105469,0.01633288711309433,2949631,-1
247.15628051757812,238.8386688232422,4.146286964416504,90.11495971679688,0.0873461365699768,10354944,-1
248.63226318359375,163.2534942626953,1.8725184202194214,349.6135559082031,0.016836203634738922,3015167,-1
251.91722106933594,177.99752807617188,1.7994295358657837,345.1928405761719,0.019618144258856773,131583,-1
252.99342346191406,182.79518127441406,1.9142742156982422,344.9961242675781,0.019074462354183197,4588031,-1
254.03842163085938,187.328857421875,2.0585498809814453,348.0664978027344,0.019136549904942513,9896447,-1
262.34808349609375,214.28440856933594,16.651779174804688,273.5654296875,0.027602940797805786,10682626,-1
271.999755859375,243.62977600097656,2.184093952178955,100.11376953125,0.05138269066810608,14156287,-1
274.5294494628906,227.3504638671875,1.96774160861969,278.3839416503906,0.031794797629117966,6619647,-1
275.8460998535156,224.54612731933594,2.040315866470337,197.83966064453125,0.07962417602539062,9241087,-1
276.4144592285156,223.07611083984375,3.1744942665100098,206.384765625,0.07059860229492188,7799807,-1
281.7417907714844,225.42283630371094,2.005500316619873,156.23838806152344,0.07083383947610855,7995903,-1
282.6247863769531,221.47093200683594,2.046431064605713,282.57421875,0.06029710918664932,9437695,-1
283.3765869140625,228.3487548828125,2.518186330795288,98.08544921875,0.03797714412212372,7734015,-1
286.48333740234375,226.0045928955078,2.1082253456115723,10.223968505859375,0.07708282768726349,11600383,-1
287.5064697265625,222.45309448242188,2.1546454429626465,359.347900390625,0.0742456465959549,13173247,-1
287.934326171875,229.1942138671875,2.5152835845947266,87.00546264648438,0.035704780369997025,7668479,-1
289.8750915527344,224.62771606445312,2.0274884700775146,228.7289276123047,0.06417291611433029,8782335,-1
291.9837341308594,226.57839965820312,2.3765475749969482,230.04608154296875,0.0715670958161354,3539711,-1
292.7286071777344,235.73684692382812,6.753947734832764,286.22357177734375,0.03733251243829727,12256000,-1
294.00360107421875,228.98410034179688,1.917872667312622,83.241455078125,0.0474170558154583,4719103,-1
294.00360107421875,228.98410034179688,1.917872667312622,107.2635498046875,0.0474170558154583,4719103,-1
296.38385009765625,223.62771606445312,2.2571427822113037,279.6217956542969,0.05413493886590004,16515583,-1
296.38385009765625,223.62771606445312,2.2571427822113037,327.9189453125,0.05413493886590004,16515583,-1
297.3843994140625,227.56761169433594,2.4689781665802,339.6624450683594,0.06939088553190231,6292223,-1
301.4379577636719,224.79745483398438,3.777928113937378,244.3948974609375,0.0417422354221344,3670272,-1
301.4379577636719,224.79745483398438,3.777928113937378,317.83306884765625,0.0417422354221344,3670272,-1
307.27734375,227.37857055664062,4.5855937004089355,275.484619140625,0.07184666395187378,983552,-1
307.9468994140625,237.96983337402344,7.427828311920166,289.21209716796875,0.03313864395022392,2425089,-1
309.5299072265625,229.52342224121094,2.298382520675659,113.01033020019531,0.06709368526935577,1114879,-1
314.2900085449219,226.7073211669922,2.141982316970825,319.08856201171875,0.07315821945667267,12714495,-1
316.2082824707031,230.37193298339844,3.3755364418029785,287.65997314453125,0.07028698176145554,12190719,-1
320.0648193359375,227.62257385253906,1.9180529117584229,247.35464477539062,0.07548684626817703,4784639,-1
321.30950927734375,230.090087890625,1.8700584173202515,31.535003662109375,0.05708174780011177,2949631,-1
328.23138427734375,231.00489807128906,5.133233070373535,277.7178955078125,0.06648456305265427,9110016,-1
330.3414306640625,229.15383911132812,2.1167469024658203,283.9779052734375,0.05928725749254227,11862527,-1
330.3414306640625,229.15383911132812,2.1167469024658203,358.7205505371094,0.05928725749254227,11862527,-1
332.6542053222656,254.5677947998047,1.8337992429733276,99.92672729492188,0.0492289736866951,1507839,-1
344.10400390625,222.79869079589844,16.96417236328125,286.94940185546875,0.01799130067229271,11993346,-1
357.8495178222656,241.69430541992188,8.84557819366455,278.6197509765625,0.02072836272418499,15073537,-1
362.0742492675781,264.67767333984375,5.788926601409912,195.25201416015625,0.048297617584466934,1114880,-1
362.8774108886719,264.6214294433594,5.047648906707764,162.38296508789062,0.04909803718328476,7930368,-1
362.8774108886719,264.6214294433594,5.047648906707764,202.07896423339844,0.04909803718328476,7930368,-1
364.2872619628906,263.480224609375,3.1894137859344482,153.8065948486328,0.04936596006155014,8127487,-1
365.69219970703125,275.9033203125,2.0557782649993896,78.09683227539062,0.07271062582731247,9765375,-1
365.69219970703125,275.9033203125,2.0557782649993896,139.85000610351562,0.07271062582731247,9765375,-1
368.1045837402344,277.6192626953125,1.8477877378463745,68.60989379882812,0.04141061007976532,2032127,-1
368.1569519042969,265.6527404785156,1.8238664865493774,187.10707092285156,0.06616102159023285,1114623,-1
368.1569519042969,265.6527404785156,1.8238664865493774,357.3811950683594,0.06616102159023285,1114623,-1
368.42327880859375,260.1799621582031,4.452242374420166,154.4326934814453,0.10928714275360107,15532288,-1
368.492431640625,251.96047973632812,24.513975143432617,283.5228271484375,0.036353688687086105,5243650,-1
369.7438049316406,243.76258850097656,3.2955284118652344,280.667236328125,0.02459961362183094,10486783,-1
371.3642578125,227.93927001953125,15.25792407989502,280.36334228515625,0.016234392300248146,4325634,-1
371.6687316894531,259.6035461425781,2.565171003341675,50.512481689453125,0.08558668196201324,9044735,-1
371.6687316894531,259.6035461425781,2.565171003341675,282.4833068847656,0.08558668196201324,9044735,-1
372.1407165527344,265.3241882324219,4.146481513977051,44.734588623046875,0.05550577491521835,10354944,-1
382.24468994140625,243.78370666503906,3.656519651412964,269.77032470703125,0.09543532133102417,1310976,-1
392.32403564453125,240.84185791015625,1.9133707284927368,320.0627746582031,0.017331620678305626,4588031,-1
393.0966491699219,250.45602416992188,4.379916667938232,69.53384399414062,0.02855427749454975,14352640,-1
393.0966491699219,250.45602416992188,4.379916667938232,315.94573974609375,0.02855427749454975,14352640,-1
