26.945899963378906,250.0634307861328,1.8738971948623657,168.09048461914062,0.059822820127010345,3080703,-1
27.614946365356445,255.84005737304688,2.0607566833496094,160.31649780273438,0.04538402706384659,9961983,-1
28.07019805908203,247.3696746826172,1.9965345859527588,163.77401733398438,0.05236081779003143,7668223,-1
28.182432174682617,217.45556640625,7.908996105194092,197.21665954589844,0.05865985527634621,6947073,-1
29.217058181762695,243.1060791015625,4.982796669006348,178.45848083496094,0.05394331365823746,6947328,-1
30.097078323364258,229.8845672607422,3.498469591140747,199.43145751953125,0.05304886773228645,14812159,-1
32.2263069152832,216.52755737304688,3.1187191009521484,208.36160278320312,0.06591212004423141,6489087,-1
33.60882568359375,262.1620178222656,2.064012050628662,149.61500549316406,0.050672322511672974,10093055,-1
35.204132080078125,205.05227661132812,9.97072696685791,173.12353515625,0.07590308040380478,7012865,-1
35.32302474975586,218.6012725830078,2.7893502712249756,211.5831756591797,0.0466066412627697,15139583,-1
37.9587516784668,175.43536376953125,4.988892555236816,210.35769653320312,0.0336572602391243,7078400,-1
39.089637756347656,181.98690795898438,3.2953670024871826,114.11810302734375,0.06501670926809311,10486783,-1
39.089637756347656,181.98690795898438,3.2953670024871826,215.9731903076172,0.06501670926809311,10486783,-1
41.01729965209961,236.2240753173828,2.0415170192718506,148.95584106445312,0.01598779484629631,9241087,-1
41.01729965209961,236.2240753173828,2.0415170192718506,228.87759399414062,0.01598779484629631,9241087,-1
41.04576873779297,205.1083221435547,2.0411860942840576,1.994049072265625,0.02489292062819004,9241087,-1
42.018585205078125,210.87115478515625,1.9413349628448486,102.5753173828125,0.036280352622270584,5636607,-1
42.073177337646484,214.154541015625,2.183671712875366,100.25836181640625,0.030167710036039352,14156287,-1
42.141300201416016,194.8336639404297,2.6872384548187256,226.99423217773438,0.08811061829328537,12452607,-1
42.629005432128906,200.1059112548828,2.503941774368286,92.49411010742188,0.01536049135029316,7340799,-1
43.222076416015625,181.56948852539062,5.207131385803223,111.53684997558594,0.08256751298904419,10158592,-1
43.222076416015625,181.56948852539062,5.207131385803223,207.9501495361328,0.08256751298904419,10158592,-1
43.69440460205078,270.9888610839844,5.325938701629639,127.27322387695312,0.055492810904979706,11796992,-1
43.89665985107422,208.785400390625,2.073132038116455,345.0826721191406,0.04166865348815918,10355199,-1
44.22806930541992,188.94869995117188,5.790509223937988,122.31056213378906,0.07755991816520691,1114880,-1
44.22806930541992,188.94869995117188,5.790509223937988,245.9584503173828,0.07755991816520691,1114880,-1
45.45806121826172,186.0108184814453,2.1777381896972656,91.98260498046875,0.06822976469993591,13959679,-1
45.459877014160156,224.18124389648438,3.8120152950286865,337.7210388183594,0.016931859776377678,4325632,-1
45.87290573120117,175.9003143310547,1.840738296508789,211.35179138183594,0.039291754364967346,1769983,-1
46.390541076660156,194.73910522460938,1.901078462600708,194.5178985595703,0.09173526614904404,4129279,-1
46.390541076660156,194.73910522460938,1.901078462600708,284.054931640625,0.09173526614904404,4129279,-1
46.910003662109375,207.63162231445312,1.8807200193405151,98.22116088867188,0.018156616017222404,3342847,-1
46.910003662109375,207.63162231445312,1.8807200193405151,271.3439636230469,0.018156616017222404,3342847,-1
47.49052810668945,197.56201171875,2.1863138675689697,252.013671875,0.02857772260904312,14221823,-1
47.494285583496094,275.3514404296875,2.3385660648345947,117.23707580566406,0.05135776102542877,2360063,-1
50.74802780151367,222.59637451171875,3.0359275341033936,278.858154296875,0.020889457315206528,4523007,-1
51.75857162475586,245.0725555419922,3.1618423461914062,131.32049560546875,0.1414407342672348,7472127,-1
51.75857162475586,245.0725555419922,3.1618423461914062,198.1603240966797,0.1414407342672348,7472127,-1
51.75857162475586,245.0725555419922,3.1618423461914062,344.94482421875,0.1414407342672348,7472127,-1
52.442115783691406,253.19192504882812,5.528679370880127,273.2698059082031,0.01835433766245842,14483968,-1
52.472755432128906,177.1649932861328,2.0805256366729736,182.63864135742188,0.021863946691155434,10617343,-1
53.73567581176758,208.66798400878906,3.9288995265960693,184.47836303710938,0.04122500866651535,6488320,-1
53.99636459350586,187.47267150878906,2.6766867637634277,180.64785766601562,0.025221966207027435,12124927,-1
54.60551834106445,179.5664520263672,1.8492752313613892,196.29762268066406,0.018799999728798866,2097663,-1
55.001373291015625,247.35122680664062,2.445713758468628,211.0598907470703,0.03479374945163727,5636863,-1
57.45237731933594,216.46865844726562,2.1372945308685303,100.61203002929688,0.02308400347828865,12583423,-1
58.203121185302734,248.42190551757812,2.092318058013916,203.89219665527344,0.01897268369793892,11076095,-1
59.619049072265625,207.23043823242188,3.956561803817749,182.96568298339844,0.02462760917842388,7012608,-1
62.81201934814453,176.21018981933594,24.47116470336914,209.36328125,0.06618134677410126,5112578,-1
62.81201934814453,176.21018981933594,24.47116470336914,260.47747802734375,0.06618134677410126,5112578,-1
64.70640563964844,255.06800842285156,3.395005941390991,39.832916259765625,0.13880060613155365,12649471,-1
64.70640563964844,255.06800842285156,3.395005941390991,253.4168701171875,0.13880060613155365,12649471,-1
66.02286529541016,220.25729370117188,1.9223145246505737,112.60015869140625,0.017736589536070824,4915711,-1
66.02286529541016,220.25729370117188,1.9223145246505737,275.89617919921875,0.017736589536070824,4915711,-1
67.82044219970703,188.49777221679688,1.83267080783844,75.99264526367188,0.026989882811903954,1442303,-1
70.26863098144531,186.8938446044922,1.7965755462646484,185.2230224609375,0.018458889797329903,511,-1
70.26863098144531,186.8938446044922,1.7965755462646484,358.54779052734375,0.018458889797329903,511,-1
72.7004165649414,188.9344482421875,1.9221464395523071,79.83078002929688,0.02490834705531597,4915711,-1
74.45502471923828,280.9916687011719,1.8320146799087524,78.15838623046875,0.05394956097006798,1442303,-1
75.45042419433594,221.33934020996094,1.8631399869918823,99.48348999023438,0.020853957161307335,2687487,-1
75.56641387939453,167.22320556640625,1.8239864110946655,15.408782958984375,0.044051773846149445,1114623,-1
75.56641387939453,167.22320556640625,1.8239864110946655,190.12403869628906,0.044051773846149445,1114623,-1
77.8135757446289,189.1685791015625,1.9402118921279907,0.412322998046875,0.026266828179359436,5571071,-1
77.8135757446289,189.1685791015625,1.9402118921279907,79.72991943359375,0.026266828179359436,5571071,-1
78.0145034790039,210.2345428466797,2.5147790908813477,26.766326904296875,0.019389132037758827,7668479,-1
78.27174377441406,198.4889678955078,3.2348620891571045,269.99072265625,0.017778713256120682,9110527,-1
78.810302734375,228.02569580078125,2.0311946868896484,284.93017578125,0.02179933898150921,8913407,-1
80.10345458984375,234.25103759765625,5.118547439575195,294.34197998046875,0.01611422561109066,8913408,-1
80.25887298583984,187.044189453125,1.9220603704452515,186.48541259765625,0.022886281833052635,4915711,-1
80.25887298583984,187.044189453125,1.9220603704452515,358.4571228027344,0.022886281833052635,4915711,-1
80.51742553710938,167.6262969970703,1.9088548421859741,14.310638427734375,0.04650001972913742,4391423,-1
80.51742553710938,167.6262969970703,1.9088548421859741,191.39096069335938,0.04650001972913742,4391423,-1
80.56364440917969,226.13677978515625,5.2801594734191895,295.4848937988281,0.03240697458386421,11141632,-1
81.13965606689453,213.46636962890625,2.220278263092041,13.46026611328125,0.09303893893957138,15335935,-1
81.13965606689453,213.46636962890625,2.220278263092041,193.01046752929688,0.09303893893957138,15335935,-1
81.94384765625,276.14263916015625,2.0638949871063232,57.79095458984375,0.06081857904791832,10027519,-1
82.87224578857422,168.7827911376953,1.8985567092895508,194.8174285888672,0.046457111835479736,3998207,-1
82.93714141845703,228.47129821777344,1.916787028312683,178.99853515625,0.02313646860420704,4719103,-1
83.22460174560547,189.3441619873047,2.656073808670044,1.28814697265625,0.026608629152178764,11600639,-1
83.22460174560547,189.3441619873047,2.656073808670044,87.41656494140625,0.026608629152178764,11600639,-1
85.4207534790039,207.67970275878906,3.0515153408050537,141.83218383789062,0.022539502009749413,4916223,-1
85.4207534790039,207.67970275878906,3.0515153408050537,272.9940185546875,0.022539502009749413,4916223,-1
85.83592224121094,167.68736267089844,2.054415464401245,192.04962158203125,0.03913995251059532,9699839,-1
85.93603515625,232.4371795654297,2.4187636375427246,180.1190185546875,0.028014373034238815,4850431,-1
85.93603515625,232.4371795654297,2.4187636375427246,346.348876953125,0.028014373034238815,4850431,-1
86.07035827636719,228.36289978027344,1.8839815855026245,176.4633331298828,0.024085430428385735,3473919,-1
86.38208770751953,238.44361877441406,1.8706398010253906,170.47470092773438,0.03647748753428459,2949631,-1
86.38208770751953,238.44361877441406,1.8706398010253906,347.05926513671875,0.03647748753428459,2949631,-1
86.61518859863281,226.4025115966797,3.476715087890625,179.83680725097656,0.02210369147360325,14353407,-1
88.86956024169922,176.04823303222656,2.357882261276245,150.14788818359375,0.015167971141636372,2949887,-1
88.91608428955078,233.72982788085938,2.0943174362182617,181.37918090820312,0.01731313019990921,11141631,-1
89.61463928222656,166.12648010253906,2.5370373725891113,268.43609619140625,0.02097143605351448,8258303,-1
89.84343719482422,168.6175537109375,12.77247142791748,273.14324951171875,0.044983357191085815,8192769,-1
89.95716094970703,213.03570556640625,6.583131313323975,187.96908569335938,0.02673916518688202,10420992,-1
92.98480987548828,248.4769744873047,7.624222755432129,123.68792724609375,0.01596890017390251,4325633,-1
92.98480987548828,248.4769744873047,7.624222755432129,318.4911804199219,0.01596890017390251,4325633,-1
94.86238098144531,186.4204559326172,2.676706075668335,180.8728790283203,0.02078303135931492,12124927,-1
95.24848937988281,264.2066345214844,3.120154619216919,42.921142578125,0.06078154221177101,6554623,-1
96.0185546875,218.60903930664062,2.147250175476074,228.3649444580078,0.01676025055348873,12911103,-1
98.00592041015625,190.36288452148438,1.8056477308273315,206.6011962890625,0.02435315027832985,393727,-1
98.26927185058594,164.387451171875,2.1458852291107178,290.3922424316406,0.04225219041109085,12845567,-1
98.48318481445312,220.10011291503906,1.8909748792648315,226.890380859375,0.015430060215294361,3736063,-1
98.64871978759766,228.4508056640625,1.9907182455062866,121.19464111328125,0.016209039837121964,7471615,-1
98.64871978759766,228.4508056640625,1.9907182455062866,312.9187316894531,0.016209039837121964,7471615,-1
98.728759765625,270.4711608886719,8.947050094604492,49.973480224609375,0.09244359284639359,15859969,-1
99.73834991455078,186.0455780029297,3.936767339706421,178.75189208984375,0.02627529390156269,6619392,-1
99.73834991455078,186.0455780029297,3.936767339706421,278.8761901855469,0.02627529390156269,6619392,-1
100.27989959716797,176.06394958496094,2.4686145782470703,238.44467163085938,0.02101845107972622,6292223,-1
100.38082122802734,263.86322021484375,3.6315884590148926,44.35858154296875,0.09670320898294449,786688,-1
100.4180679321289,263.5840759277344,3.442981481552124,40.936279296875,0.09836015850305557,13632511,-1
100.4180679321289,263.5840759277344,3.442981481552124,166.9412384033203,0.09836015850305557,13632511,-1
100.7790756225586,243.73330688476562,5.741765975952148,125.37667846679688,0.017682578414678574,525056,-1
100.88038635253906,244.13970947265625,5.516086578369141,127.23773193359375,0.01776069961488247,14287360,-1
101.01274108886719,218.03958129882812,2.203141927719116,220.86029052734375,0.014008690603077412,14811647,-1
101.81993865966797,252.2884063720703,3.4480690956115723,118.42050170898438,0.016586223617196083,13763583,-1
102.03666687011719,197.58575439453125,6.781233310699463,80.59933471679688,0.02965482883155346,12518144,-1
102.03666687011719,197.58575439453125,6.781233310699463,209.67445373535156,0.02965482883155346,12518144,-1
102.07749938964844,247.91307067871094,2.1146390438079834,125.89999389648438,0.018361054360866547,11796991,-1
103.35382080078125,216.21896362304688,3.4541587829589844,257.81201171875,0.016078654676675797,13894655,-1
104.97827911376953,193.0749053955078,10.512896537780762,286.0927734375,0.030797509476542473,10813953,-1
105.43799591064453,181.5619659423828,4.161219120025635,277.84173583984375,0.051668137311935425,10617088,-1
105.76049041748047,267.11895751953125,4.240304946899414,163.78395080566406,0.05238809064030647,11993344,-1
106.5722885131836,204.43641662597656,2.376899480819702,83.61148071289062,0.06511282175779343,3539711,-1
106.6618423461914,256.3256530761719,3.5642929077148438,144.98455810546875,0.014359117485582829,16122879,-1
107.38463592529297,264.44482421875,2.1675403118133545,174.5546875,0.0198794174939394,13631999,-1
107.96624755859375,149.94992065429688,3.686992645263672,232.81414794921875,0.020834198221564293,1900800,-1
108.57355499267578,166.32435607910156,2.9873666763305664,318.427001953125,0.06504570692777634,3408895,-1
108.949951171875,175.65963745117188,5.305481433868408,83.1944580078125,0.047149159014225006,11469312,-1
108.949951171875,175.65963745117188,5.305481433868408,262.14013671875,0.047149159014225006,11469312,-1
109.24520111083984,248.39024353027344,2.2595694065093994,14.0732421875,0.016760632395744324,16581119,-1
110.75859069824219,270.5213928222656,2.0382821559906006,184.84800720214844,0.01949707418680191,9175551,-1
111.1675033569336,253.8685302734375,2.512300491333008,201.1631622314453,0.014412886463105679,7537407,-1
112.28041076660156,185.46340942382812,2.037445306777954,280.6068115234375,0.03264811262488365,9110015,-1
112.52587127685547,249.71566772460938,1.89645516872406,11.662750244140625,0.01599224843084812,3932671,-1
112.52587127685547,249.71566772460938,1.89645516872406,187.20370483398438,0.01599224843084812,3932671,-1
112.96961212158203,150.314453125,1.89421808719635,258.00750732421875,0.08484291285276413,3867135,-1
114.47694396972656,177.60694885253906,2.7401914596557617,82.21383666992188,0.04383581876754761,13828863,-1
115.9320068359375,224.7722625732422,101.08248138427734,86.76239013671875,0.10531115531921387,7406340,-1
115.9320068359375,224.7722625732422,101.08248138427734,252.07020568847656,0.10531115531921387,7406340,-1
116.20082092285156,238.9052734375,2.0095245838165283,215.76171875,0.016096917912364006,8126975,-1
116.31443786621094,181.86126708984375,4.192637920379639,277.76275634765625,0.0796717181801796,11206912,-1
117.0344467163086,293.0502014160156,1.8380918502807617,131.25436401367188,0.06045309081673622,1704447,-1
117.18023681640625,155.61012268066406,4.3519721031188965,105.39291381835938,0.02302788570523262,13893888,-1
117.18023681640625,155.61012268066406,4.3519721031188965,250.1108856201172,0.02302788570523262,13893888,-1
119.4566879272461,165.4189910888672,3.0651395320892334,266.3134765625,0.053455010056495667,5243903,-1
120.05154418945312,177.2616729736328,3.2895736694335938,89.77685546875,0.05012767016887665,10355711,-1
121.25040435791016,285.52117919921875,2.173102617263794,61.788055419921875,0.016673395410180092,13763071,-1
121.25040435791016,285.52117919921875,2.173102617263794,283.38037109375,0.016673395410180092,13763071,-1
121.79175567626953,181.879150390625,3.903942108154297,93.31375122070312,0.08389109373092651,6029568,-1
121.79175567626953,181.879150390625,3.903942108154297,215.5511016845703,0.08389109373092651,6029568,-1
121.79175567626953,181.879150390625,3.903942108154297,262.2489929199219,0.08389109373092651,6029568,-1
122.4259262084961,177.95875549316406,1.9357086420059204,90.55780029296875,0.046002186834812164,5439999,-1
123.0413818359375,140.1246795654297,2.698437452316284,269.056884765625,0.01965605467557907,12714751,-1
123.08589172363281,143.68487548828125,8.694128036499023,199.2721710205078,0.07457788288593292,13828353,-1
123.08589172363281,143.68487548828125,8.694128036499023,257.23797607421875,0.07457788288593292,13828353,-1
124.10891723632812,154.2039337158203,5.919341564178467,100.02886962890625,0.02361162193119526,2687744,-1
124.60711669921875,175.55477905273438,1.9022417068481445,269.61712646484375,0.02477354370057583,4129279,-1
124.60711669921875,175.55477905273438,1.9022417068481445,303.6979064941406,0.02477354370057583,4129279,-1
124.8165054321289,243.132080078125,2.5452277660369873,60.02459716796875,0.04150361567735672,8520447,-1
125.3634033203125,178.13905334472656,1.9530870914459229,101.55694580078125,0.028243420645594597,6095359,-1
125.3634033203125,178.13905334472656,1.9530870914459229,131.7916259765625,0.028243420645594597,6095359,-1
125.3634033203125,178.13905334472656,1.9530870914459229,268.5228271484375,0.028243420645594597,6095359,-1
125.85102081298828,283.9267883300781,2.1060123443603516,48.64068603515625,0.014107135124504566,11534847,-1
126.24475860595703,147.84230041503906,3.114794969558716,107.14469909667969,0.04358694702386856,6423551,-1
126.29590606689453,296.8019714355469,7.0727972984313965,120.71005249023438,0.06183478236198425,15598336,-1
126.89358520507812,164.94964599609375,2.79203462600708,267.79400634765625,0.051554471254348755,15205119,-1
127.88179779052734,181.74374389648438,3.195312976837158,201.08837890625,0.03849812597036362,8258559,-1
128.02268981933594,212.68484497070312,4.851390361785889,190.8798370361328,0.029329435899853706,5046784,-1
128.02268981933594,212.68484497070312,4.851390361785889,354.3913879394531,0.029329435899853706,5046784,-1
131.96705627441406,229.5207061767578,2.7129571437835693,330.4498291015625,0.017842408269643784,13107967,-1
132.3628387451172,182.01531982421875,2.040289878845215,121.10060119628906,0.028187016025185585,9241087,-1
132.3628387451172,182.01531982421875,2.040289878845215,236.41812133789062,0.028187016025185585,9241087,-1
132.50660705566406,237.70579528808594,1.9159530401229858,318.8851013183594,0.01438590046018362,4653567,-1
132.98806762695312,210.6162109375,2.960738182067871,187.16815185546875,0.02215118519961834,2753535,-1
133.2713165283203,203.23593139648438,2.6773104667663574,185.45864868164062,0.02138615772128105,12190463,-1
133.79736328125,196.54762268066406,2.6730079650878906,182.69265747070312,0.020647907629609108,12059391,-1
133.93397521972656,193.3274688720703,2.51077938079834,181.93719482421875,0.023203613236546516,7537407,-1
135.23037719726562,234.7156524658203,1.900286078453064,73.42654418945312,0.019904114305973053,4063743,-1
135.379638671875,163.6703643798828,3.9392306804656982,267.2769470214844,0.04302225261926651,6684928,-1
135.64634704589844,228.42469787597656,2.519882917404175,332.15936279296875,0.01604156568646431,7799551,-1
135.90704345703125,118.56053924560547,2.2509772777557373,233.757568359375,0.01481705717742443,16318975,-1
136.25538635253906,178.74215698242188,12.716910362243652,256.70452880859375,0.025469595566391945,7865089,-1
137.04209899902344,180.57443237304688,6.247178554534912,231.67745971679688,0.025281257927417755,6619904,-1
137.40281677246094,225.8611602783203,5.442344665527344,67.09683227539062,0.016871439293026924,13369856,-1
138.5684051513672,122.43909454345703,2.2006022930145264,1.43756103515625,0.05766214430332184,14680575,-1
139.45957946777344,254.67758178710938,2.921694755554199,198.7487030029297,0.0596829317510128,1770495,-1
140.15411376953125,228.3817901611328,2.1154258251190186,86.9385986328125,0.017621301114559174,11862527,-1
140.15411376953125,228.3817901611328,2.1154258251190186,242.67962646484375,0.017621301114559174,11862527,-1
140.19049072265625,134.9921875,4.268643856048584,28.751861572265625,0.06017674505710602,12517632,-1
141.73875427246094,182.9320068359375,2.0682718753814697,51.87030029296875,0.0246738214045763,10224127,-1
141.73875427246094,182.9320068359375,2.0682718753814697,328.8188171386719,0.0246738214045763,10224127,-1
142.57957458496094,247.05226135253906,2.4544389247894287,212.3450469970703,0.0567811094224453,5899007,-1
143.1387481689453,162.81829833984375,4.279052734375,261.4585876464844,0.04512270539999008,12648704,-1
143.27061462402344,278.0035095214844,2.5014843940734863,138.25527954101562,0.05341831594705582,7275263,-1
143.73876953125,286.7110595703125,1.915362000465393,301.18377685546875,0.042021676898002625,4653567,-1
144.4383544921875,182.87075805664062,2.078507661819458,231.6026611328125,0.027010664343833923,10551807,-1
144.79684448242188,274.357666015625,6.0972185134887695,146.16944885253906,0.05397134646773338,4850432,-1
145.06407165527344,276.7768859863281,4.885726451873779,137.27932739257812,0.05607891455292702,5571072,-1
145.15850830078125,139.0309600830078,5.418666839599609,271.17620849609375,0.07370202988386154,13042176,-1
145.71839904785156,283.21173095703125,39.45839309692383,64.71853637695312,0.062017422169446945,6226435,-1
145.71839904785156,283.21173095703125,39.45839309692383,99.81658935546875,0.062017422169446945,6226435,-1
146.0295867919922,138.6790313720703,5.966334819793701,271.29443359375,0.07344001531600952,3277568,-1
146.209716796875,146.7045440673828,6.232421398162842,271.0768127441406,0.07173649966716766,6423296,-1
146.92855834960938,219.5220184326172,3.7409965991973877,109.83428955078125,0.01883813738822937,2949376,-1
148.41651916503906,177.1361083984375,2.3633668422698975,262.4324951171875,0.016150612384080887,3146495,-1
148.57704162597656,277.013916015625,1.8584216833114624,19.128265380859375,0.046312060207128525,2490879,-1
148.98863220214844,251.92742919921875,3.965838670730591,39.876708984375,0.018471309915184975,7143680,-1
148.98863220214844,251.92742919921875,3.965838670730591,330.3193054199219,0.018471309915184975,7143680,-1
149.3822784423828,214.8603973388672,1.9039947986602783,110.24110412597656,0.022615645080804825,4194815,-1
149.3915252685547,218.9066162109375,2.3609275817871094,115.38148498535156,0.01708601415157318,3080959,-1
150.30294799804688,257.4224853515625,2.01396107673645,351.7227783203125,0.027164174243807793,8258047,-1
150.63861083984375,157.68553161621094,3.1012115478515625,90.60299682617188,0.025936193764209747,6095871,-1
150.63861083984375,157.68553161621094,3.1012115478515625,268.2153015136719,0.025936193764209747,6095871,-1
151.3341522216797,277.68450927734375,2.874427318572998,23.23388671875,0.11919541656970978,590847,-1
151.3341522216797,277.68450927734375,2.874427318572998,180.16546630859375,0.11919541656970978,590847,-1
151.42465209960938,304.27093505859375,3.384298324584961,83.42025756835938,0.0664045661687851,12387327,-1
152.85269165039062,112.58818817138672,4.020666122436523,239.85165405273438,0.030555279925465584,8126720,-1
153.56298828125,248.69017028808594,3.1502158641815186,15.8984375,0.02398538589477539,7209983,-1
154.0029754638672,122.16478729248047,2.732271909713745,78.71160888671875,0.052240971475839615,13632255,-1
154.16502380371094,140.5177764892578,2.3030295372009277,257.6993103027344,0.051540374755859375,1245951,-1
155.36178588867188,157.5526123046875,3.2921416759490967,88.7705078125,0.025150207802653313,10421247,-1
155.36178588867188,157.5526123046875,3.2921416759490967,263.44842529296875,0.025150207802653313,10421247,-1
155.42030334472656,276.91748046875,3.024559497833252,312.75830078125,0.062335241585969925,4260863,-1
156.2459259033203,280.783935546875,4.883934020996094,76.75686645507812,0.0654895156621933,5505536,-1
156.4666748046875,272.69073486328125,2.478717803955078,146.4415740966797,0.09521735459566116,6619903,-1
157.0312042236328,162.1834716796875,3.7194316387176514,269.81048583984375,0.03561711683869362,2556160,-1
157.1219482421875,258.1179504394531,21.03474998474121,43.7120361328125,0.03273468092083931,10879490,-1
157.4144744873047,160.2060546875,2.0149641036987305,85.689453125,0.022600345313549042,8323583,-1
158.10276794433594,237.35519409179688,2.1682116985321045,266.4007568359375,0.056244947016239166,13631999,-1
159.11082458496094,149.57882690429688,1.8221243619918823,89.66787719726562,0.03252047672867775,1049087,-1
159.47239685058594,191.0322723388672,29.34787940979004,261.9010314941406,0.04918806254863739,1507587,-1
159.536376953125,157.28240966796875,3.36246657371521,88.949951171875,0.023348363116383553,11928575,-1
159.536376953125,157.28240966796875,3.36246657371521,264.0937805175781,0.023348363116383553,11928575,-1
160.10044860839844,276.8973693847656,2.002253532409668,139.493896484375,0.09463170915842056,7864831,-1
160.10044860839844,276.8973693847656,2.002253532409668,315.4896545410156,0.09463170915842056,7864831,-1
160.8989715576172,190.3015594482422,27.92073631286621,260.585693359375,0.04974236711859703,14615298,-1
160.8989715576172,190.3015594482422,27.92073631286621,323.4686279296875,0.04974236711859703,14615298,-1
161.21006774902344,251.06895446777344,1.9366846084594727,115.73350524902344,0.02233218401670456,5439999,-1
162.13966369628906,152.55438232421875,3.3273227214813232,90.6136474609375,0.043996404856443405,11207679,-1
162.496337890625,248.3511505126953,1.8880707025527954,112.31413269042969,0.018809951841831207,3604991,-1
162.59083557128906,242.0692596435547,2.040079116821289,301.930908203125,0.024903349578380585,9241087,-1
163.66709899902344,156.64584350585938,3.04148268699646,266.3074645996094,0.022297654300928116,4654079,-1
164.32484436035156,218.3963623046875,2.377631664276123,38.876953125,0.021376170217990875,3605247,-1
164.32484436035156,218.3963623046875,2.377631664276123,108.66983032226562,0.021376170217990875,3605247,-1
164.32484436035156,218.3963623046875,2.377631664276123,167.02964782714844,0.021376170217990875,3605247,-1
165.3466033935547,244.2644805908203,6.368062496185303,297.2235107421875,0.04307442158460617,7996160,-1
165.36431884765625,253.7129364013672,2.107187509536743,169.8214874267578,0.024611355736851692,11534847,-1
165.7158203125,160.65858459472656,12.13915729522705,277.12506103515625,0.03909296542406082,4522753,-1
166.1771240234375,271.67816162109375,1.9453932046890259,140.90213012695312,0.0876438319683075,5767679,-1
166.1771240234375,271.67816162109375,1.9453932046890259,317.67626953125,0.0876438319683075,5767679,-1
166.9814910888672,159.57125854492188,2.385965347290039,119.25802612304688,0.03643956407904625,3867391,-1
167.00799560546875,268.84942626953125,1.94748055934906,138.94412231445312,0.04537234827876091,5833215,-1
168.76904296875,148.3177032470703,2.2471730709075928,92.40426635742188,0.03079061023890972,16187903,-1
168.81698608398438,156.52467346191406,2.857762575149536,111.59822082519531,0.021961310878396034,197631,-1
168.81698608398438,156.52467346191406,2.857762575149536,259.3172912597656,0.021961310878396034,197631,-1
169.8525390625,252.53970336914062,6.652597904205322,343.50933837890625,0.02848304994404316,11141888,-1
169.98484802246094,264.6361999511719,6.624737739562988,26.94610595703125,0.046152785420417786,10879744,-1
170.537109375,257.20294189453125,3.0768625736236572,32.345550537109375,0.014645534567534924,5506047,-1
170.537109375,257.20294189453125,3.0768625736236572,358.11175537109375,0.014645534567534924,5506047,-1
170.98684692382812,171.00840759277344,1.8138707876205444,306.18792724609375,0.03598964959383011,721407,-1
171.42677307128906,189.60601806640625,2.6622838973999023,329.9049987792969,0.016421597450971603,11731711,-1
172.56146240234375,298.5188293457031,2.343557596206665,54.281646728515625,0.054975055158138275,2556671,-1
175.15170288085938,139.77203369140625,3.9716503620147705,274.4814147949219,0.055708035826683044,7274752,-1
175.41281127929688,174.41188049316406,2.8158411979675293,278.5669250488281,0.03225144371390343,15794943,-1
175.41281127929688,174.41188049316406,2.8158411979675293,316.4293212890625,0.03225144371390343,15794943,-1
176.49688720703125,131.71469116210938,13.490782737731934,265.6461181640625,0.07906395941972733,12190465,-1
177.18270874023438,161.19613647460938,2.1706159114837646,128.84864807128906,0.06299654394388199,13697535,-1
177.18270874023438,161.19613647460938,2.1706159114837646,264.0727844238281,0.06299654394388199,13697535,-1
178.09613037109375,187.050048828125,3.07138991355896,332.5282287597656,0.026222441345453262,5374975,-1
178.3339385986328,196.25755310058594,1.871227502822876,329.9659118652344,0.015797214582562447,2949631,-1
178.7080535888672,202.8184356689453,2.3582425117492676,333.3980712890625,0.01678186096251011,3015423,-1
179.0533905029297,122.61846160888672,4.286693096160889,94.47811889648438,0.05029236152768135,12779776,-1
179.5452117919922,179.25341796875,2.7903079986572266,19.66204833984375,0.04397876188158989,15139583,-1
179.5452117919922,179.25341796875,2.7903079986572266,340.71380615234375,0.04397876188158989,15139583,-1
180.9099578857422,207.24850463867188,2.2256903648376465,332.4263000488281,0.017601454630494118,15532543,-1
180.9759063720703,221.4955291748047,3.4826760292053223,114.26083374023438,0.026346368715167046,14484479,-1
180.9759063720703,221.4955291748047,3.4826760292053223,342.85272216796875,0.026346368715167046,14484479,-1
181.2529296875,288.3559875488281,2.08219575881958,14.98687744140625,0.06871353089809418,10682879,-1
181.2529296875,288.3559875488281,2.08219575881958,63.290985107421875,0.06871353089809418,10682879,-1
182.35386657714844,202.46463012695312,2.58201265335083,333.9223937988281,0.014644092880189419,9569023,-1
182.41246032714844,216.1399383544922,3.022184133529663,343.38330078125,0.018254276365041733,4195327,-1
182.91409301757812,184.16419982910156,4.407199859619141,7.788543701171875,0.05715680867433548,14811392,-1
183.50570678710938,125.7952880859375,3.260455846786499,98.53475952148438,0.0462307333946228,9700351,-1
183.6233367919922,211.9973602294922,1.924263596534729,335.3108825683594,0.019518345594406128,4981247,-1
183.9739532470703,143.7891845703125,5.258410930633545,257.6510009765625,0.07178580015897751,10879488,-1
185.17442321777344,165.76507568359375,6.084775447845459,60.505523681640625,0.01613336056470871,4719360,-1
185.50338745117188,269.7734680175781,7.593434810638428,18.641387939453125,0.06281550973653793,3997953,-1
185.5539093017578,280.005615234375,2.105241537094116,19.6043701171875,0.06395531445741653,11469311,-1
185.7819061279297,137.9522247314453,4.055909633636475,256.50146484375,0.06438702344894409,8782080,-1
186.04547119140625,138.37086486816406,3.5201938152313232,260.8584289550781,0.06505604088306427,15270911,-1
186.64247131347656,228.65460205078125,1.9678573608398438,94.05581665039062,0.022006088867783546,6619647,-1
186.64247131347656,228.65460205078125,1.9678573608398438,244.67706298828125,0.022006088867783546,6619647,-1
186.77713012695312,129.22605895996094,2.6950600147247314,88.28924560546875,0.04228731244802475,12649215,-1
186.77713012695312,129.22605895996094,2.6950600147247314,176.36807250976562,0.04228731244802475,12649215,-1
187.6128387451172,276.9361877441406,2.2472472190856934,50.541412353515625,0.06942341476678848,16187903,-1
187.6128387451172,276.9361877441406,2.2472472190856934,358.9400939941406,0.06942341476678848,16187903,-1
187.85853576660156,270.05035400390625,4.928886890411377,13.85809326171875,0.06127967685461044,6160896,-1
187.90756225585938,116.32352447509766,11.367997169494629,266.4247131347656,0.06743279099464417,16515585,-1
188.166015625,220.80140686035156,6.033801555633545,11.26275634765625,0.01824004389345646,4064000,-1
188.166015625,220.80140686035156,6.033801555633545,239.63829040527344,0.01824004389345646,4064000,-1
189.2564697265625,268.3434753417969,2.930171489715576,3.284271240234375,0.06054826080799103,1967103,-1
189.4187774658203,236.63339233398438,2.109790563583374,162.39263916015625,0.020770031958818436,11665919,-1
189.4187774658203,236.63339233398438,2.109790563583374,239.36700439453125,0.020770031958818436,11665919,-1
189.8924560546875,209.02938842773438,2.9672863483428955,336.78662109375,0.026238035410642624,2884607,-1
191.11273193359375,264.1179504394531,2.2421107292175293,36.455230712890625,0.06658979505300522,16056831,-1
191.11273193359375,264.1179504394531,2.2421107292175293,345.4329528808594,0.06658979505300522,16056831,-1
191.40927124023438,197.79879760742188,1.800768494606018,272.1454162597656,0.045706238597631454,197119,-1
191.82943725585938,214.26856994628906,2.959413528442383,328.8651123046875,0.0252694059163332,2687999,-1
192.11114501953125,227.50180053710938,1.9504035711288452,185.2078094482422,0.01585148647427559,5964287,-1
192.16384887695312,193.06573486328125,2.462867021560669,76.63775634765625,0.03424355015158653,6161151,-1
192.22625732421875,185.70643615722656,6.174851894378662,206.24740600585938,0.015210540033876896,5767936,-1
192.98318481445312,151.28468322753906,1.9902819395065308,71.164794921875,0.016212910413742065,7406079,-1
193.31690979003906,259.41412353515625,1.9652875661849976,117.9776611328125,0.07962579280138016,6488575,-1
194.08206176757812,120.358642578125,2.1173441410064697,78.7178955078125,0.013570573180913925,11928063,-1
194.93026733398438,196.2081756591797,10.604070663452148,332.1783447265625,0.04845387488603592,11469313,-1
195.0015411376953,264.1007080078125,6.66986083984375,107.34579467773438,0.08875840157270432,11338496,-1
195.04214477539062,192.7694854736328,1.8539797067642212,83.2559814453125,0.03436978906393051,2294271,-1
195.8102264404297,214.25889587402344,2.1156880855560303,278.02874755859375,0.030078941956162453,11862527,-1
196.0083465576172,211.83660888671875,4.1667046546936035,270.7689514160156,0.034881848841905594,10748160,-1
196.0083465576172,211.83660888671875,4.1667046546936035,331.11907958984375,0.034881848841905594,10748160,-1
196.03448486328125,197.37841796875,2.1113245487213135,261.7386474609375,0.033049941062927246,11731455,-1
196.32916259765625,159.2464599609375,2.207534074783325,14.88604736328125,0.05274185910820961,14942719,-1
196.32916259765625,159.2464599609375,2.207534074783325,201.02284240722656,0.05274185910820961,14942719,-1
196.5718536376953,149.86734008789062,5.1393866539001465,85.80072021484375,0.016123143956065178,9175552,-1
196.9176025390625,217.90113830566406,3.0165350437164307,273.3973693847656,0.034670665860176086,4064255,-1
197.0628662109375,221.4878692626953,2.6495556831359863,270.13177490234375,0.015663806349039078,11404031,-1
198.26177978515625,162.04856872558594,2.4028851985931396,214.9453887939453,0.02362046018242836,4326143,-1
198.2986602783203,192.3529052734375,2.2959325313568115,82.20053100585938,0.03452443704009056,1049343,-1
198.8197479248047,148.29330444335938,3.812934160232544,75.06259155273438,0.01893407106399536,4325632,-1
199.8413848876953,209.4183349609375,8.914156913757324,279.669189453125,0.03360075503587723,15597825,-1
199.8413848876953,209.4183349609375,8.914156913757324,324.32928466796875,0.03360075503587723,15597825,-1
199.91786193847656,169.01998901367188,2.446995735168457,180.37757873535156,0.014423267915844917,5636863,-1
200.94432067871094,123.53498840332031,4.9771223068237305,204.77708435058594,0.0938175842165947,6881792,-1
202.87905883789062,166.75863647460938,2.1641218662261963,139.3314971923828,0.024547582492232323,13500927,-1
205.5960693359375,115.32437133789062,8.198808670043945,270.78765869140625,0.0583779513835907,9568513,-1
206.09292602539062,229.93768310546875,4.431823253631592,296.9529113769531,0.01895473338663578,15204608,-1
206.2698211669922,189.80894470214844,1.8710554838180542,72.25674438476562,0.0470096655189991,2949631,-1
206.2781219482422,210.0300750732422,3.6314780712127686,158.43670654296875,0.03372678533196449,786688,-1
206.2781219482422,210.0300750732422,3.6314780712127686,248.61312866210938,0.03372678533196449,786688,-1
206.6488037109375,210.17308044433594,3.2865452766418457,154.85015869140625,0.034127287566661835,10290175,-1
206.6488037109375,210.17308044433594,3.2865452766418457,249.5250244140625,0.034127287566661835,10290175,-1
206.979248046875,199.28440856933594,3.5413644313812256,279.4413757324219,0.04127807542681694,15664127,-1
207.58251953125,153.63314819335938,2.009687900543213,358.8495788574219,0.04507990926504135,8126975,-1
207.9169464111328,225.11758422851562,2.3374760150909424,292.2384948730469,0.019064422696828842,2360063,-1
208.07676696777344,169.10488891601562,2.0428524017333984,268.62359619140625,0.06254293769598007,9306623,-1
210.37677001953125,168.02236938476562,4.334352493286133,276.635009765625,0.05798168480396271,13566208,-1
210.5064239501953,194.14649963378906,4.256694316864014,278.15057373046875,0.06310740858316422,12255488,-1
212.1033477783203,224.77716064453125,2.632366895675659,278.45758056640625,0.028217673301696777,10945279,-1
213.0633087158203,206.35101318359375,2.4777045249938965,277.2037658691406,0.013491882011294365,6554367,-1
214.12918090820312,128.46356201171875,2.9513497352600098,22.968292236328125,0.0731336772441864,2491391,-1
214.12918090820312,128.46356201171875,2.9513497352600098,303.9301452636719,0.0731336772441864,2491391,-1
214.84007263183594,118.49585723876953,2.3141889572143555,203.66514587402344,0.03846472501754761,1639167,-1
215.61807250976562,236.8662872314453,2.3763043880462646,176.79269409179688,0.021908672526478767,3539711,-1
215.9500274658203,150.14804077148438,3.150498151779175,148.5901641845703,0.049408990889787674,7209983,-1
216.33392333984375,164.4194793701172,3.2255685329437256,269.55133056640625,0.03344282507896423,8913919,-1
216.4499053955078,240.9072265625,33.08420944213867,73.30584716796875,0.0689091682434082,10223875,-1
216.47052001953125,125.0385513305664,2.410115957260132,100.04507446289062,0.09786836057901382,4588287,-1
218.84783935546875,120.00897216796875,4.106405258178711,33.415252685546875,0.07077933102846146,9699584,-1
218.84783935546875,120.00897216796875,4.106405258178711,98.05743408203125,0.07077933102846146,9699584,-1
220.03492736816406,264.55126953125,2.1867172718048096,72.817626953125,0.05443309620022774,14221823,-1
220.06607055664062,149.85736083984375,7.742000102996826,341.0399475097656,0.04636687412858009,5439745,-1
220.49465942382812,155.04177856445312,2.1975743770599365,128.6267852783203,0.04877157881855965,14615039,-1
222.0936737060547,226.29360961914062,7.096955299377441,199.14028930664062,0.017285261303186417,15860480,-1
222.0936737060547,226.29360961914062,7.096955299377441,263.2004699707031,0.017285261303186417,15860480,-1
222.13815307617188,115.58674621582031,10.532660484313965,269.83929443359375,0.06004567816853523,10945025,-1
225.54356384277344,142.31687927246094,2.2572391033172607,342.09619140625,0.03328752890229225,16515583,-1
225.92303466796875,259.8856201171875,2.0958900451660156,56.4237060546875,0.06097544729709625,11141631,-1
226.66748046875,149.55569458007812,2.119173288345337,358.2509765625,0.06261923909187317,11993599,-1
227.6942138671875,123.57139587402344,2.5588409900665283,88.2890625,0.05426062270998955,8913663,-1
227.99697875976562,152.16812133789062,1.9680149555206299,271.22967529296875,0.05815036967396736,6619647,-1
228.5065155029297,115.04109191894531,3.32978892326355,80.12210083007812,0.050505492836236954,11207679,-1
228.5065155029297,115.04109191894531,3.32978892326355,254.52438354492188,0.050505492836236954,11207679,-1
229.3750457763672,147.05958557128906,5.242913246154785,338.524658203125,0.06399616599082947,10617344,-1
230.14073181152344,230.16261291503906,4.725299835205078,180.2163543701172,0.018725553527474403,3146240,-1
231.4202423095703,221.42184448242188,1.916121482849121,225.85440063476562,0.02029534801840782,4653567,-1
232.04281616210938,133.59776306152344,13.483908653259277,188.5968780517578,0.10377425700426102,12124929,-1
232.93081665039062,254.28501892089844,2.0197594165802,33.9185791015625,0.06210581213235855,8520191,-1
235.24411010742188,218.25103759765625,1.8573793172836304,258.6007385253906,0.01774946227669716,2425343,-1
236.8961944580078,147.81893920898438,4.325263500213623,228.506591796875,0.09170034527778625,13435136,-1
237.1965789794922,222.2641143798828,4.410703182220459,249.12112426757812,0.019056931138038635,14876928,-1
238.37596130371094,218.067626953125,2.0541417598724365,265.4701232910156,0.01584402285516262,9699839,-1
238.38494873046875,161.453369140625,1.9146032333374023,267.5899353027344,0.02007053978741169,4653567,-1
238.7649383544922,141.0673370361328,3.8992180824279785,185.68075561523438,0.07711903750896454,5964032,-1
239.06048583984375,141.37716674804688,3.5047757625579834,183.9017333984375,0.07779274880886078,14943231,-1
239.06048583984375,141.37716674804688,3.5047757625579834,238.967529296875,0.07779274880886078,14943231,-1
239.2293701171875,126.86811065673828,5.668910980224609,187.72021484375,0.08307676017284393,16318976,-1
241.48960876464844,161.23353576660156,1.8118746280670166,267.9356994628906,0.019108489155769348,655871,-1
242.0582733154297,256.1546630859375,10.848825454711914,72.01409912109375,0.06705721467733383,13107713,-1
245.12326049804688,161.26649475097656,2.0298829078674316,267.5120544433594,0.01627589948475361,8847871,-1
246.4349822998047,222.08914184570312,2.418168783187866,181.39898681640625,0.01366693526506424,4784895,-1
247.33599853515625,211.27928161621094,2.1273202896118164,272.53680419921875,0.030247202143073082,12255743,-1
248.3062744140625,218.89788818359375,2.288774251937866,253.66134643554688,0.0221208818256855,852735,-1
248.41514587402344,208.09967041015625,2.3689496517181396,272.6258850097656,0.025264674797654152,3343103,-1
249.75025939941406,148.51095581054688,2.621649980545044,89.25473022460938,0.03151239827275276,10617599,-1
250.32843017578125,117.05431365966797,1.8598474264144897,269.51654052734375,0.046993907541036606,2556415,-1
250.55325317382812,216.07135009765625,2.281214952468872,266.4393310546875,0.01820325292646885,590591,-1
251.3607940673828,138.52835083007812,15.053255081176758,187.06765747070312,0.08695850521326065,3342594,-1
253.127685546875,126.96821594238281,1.8638756275177002,318.48883056640625,0.055651720613241196,2687487,-1
253.26426696777344,145.89111328125,1.8643293380737305,197.38375854492188,0.018330976366996765,2687487,-1
255.6602325439453,124.93634033203125,3.318103790283203,318.7370910644531,0.11725777387619019,10945535,-1
255.7053680419922,119.7801513671875,3.2843143939971924,111.76307678222656,0.08054586499929428,10224639,-1
256.1194763183594,263.3916015625,25.142898559570312,77.46844482421875,0.08122559636831284,7078658,-1
256.9012145996094,166.753662109375,1.8547922372817993,273.68896484375,0.03843864053487778,2359807,-1
257.4960021972656,129.06814575195312,1.899543046951294,270.273193359375,0.048113249242305756,4063743,-1
257.60540771484375,147.2783660888672,4.132872581481934,84.85125732421875,0.054720643907785416,10158336,-1
257.9644775390625,239.33131408691406,3.041381359100342,129.47903442382812,0.014747406356036663,4654079,-1
257.9644775390625,239.33131408691406,3.041381359100342,273.36468505859375,0.014747406356036663,4654079,-1
258.2197570800781,132.98794555664062,2.207399368286133,351.89141845703125,0.020661551505327225,14942719,-1
258.6172790527344,139.07345581054688,2.5236217975616455,358.7124938964844,0.02309081330895424,7865087,-1
260.94610595703125,217.1241912841797,4.378737449645996,257.431640625,0.01635115034878254,14352640,-1
261.3516540527344,199.4119873046875,20.320093154907227,247.52915954589844,0.027480317279696465,8389122,-1
261.6319274902344,249.61566162109375,3.3928070068359375,91.9471435546875,0.058723144233226776,12583935,-1
266.7046203613281,166.1245574951172,6.445010662078857,268.4484558105469,0.04125401750206947,8848128,-1
267.3652038574219,206.9951171875,1.9575979709625244,237.0919189453125,0.03994085639715195,6226431,-1
269.7109375,121.99246215820312,4.320936679840088,357.8162536621094,0.07437822967767715,13369600,-1
271.2015686035156,155.12094116210938,10.857059478759766,169.47207641601562,0.04076617956161499,13173249,-1
271.2015686035156,155.12094116210938,10.857059478759766,267.11285400390625,0.04076617956161499,13173249,-1
271.3009338378906,144.47755432128906,3.7220330238342285,275.1872863769531,0.0466352254152298,2556160,-1
271.79278564453125,166.329345703125,2.098041296005249,285.9617919921875,0.045304834842681885,11272703,-1
271.876220703125,250.64344787597656,2.2569522857666016,104.70649719238281,0.07288751006126404,16515583,-1
271.876220703125,250.64344787597656,2.2569522857666016,159.28097534179688,0.07288751006126404,16515583,-1
273.0966796875,131.57229614257812,12.633688926696777,219.6131591796875,0.05125510320067406,7406337,-1
273.0966796875,131.57229614257812,12.633688926696777,340.0594482421875,0.05125510320067406,7406337,-1
273.89361572265625,198.79220581054688,7.680763244628906,222.3408203125,0.02630777470767498,4849921,-1
274.49945068359375,198.59927368164062,7.177150726318359,220.9302978515625,0.026459811255335808,16646912,-1
276.04364013671875,258.4960021972656,2.1570146083831787,171.5217742919922,0.06382694095373154,13238783,-1
276.8855895996094,146.84898376464844,4.569272041320801,180.52496337890625,0.03655187040567398,721408,-1
277.5381164550781,262.8468017578125,2.0846009254455566,151.17324829101562,0.06106889247894287,10748415,-1
278.462646484375,260.03314208984375,5.431504726409912,161.03004455566406,0.06004047766327858,13173248,-1
279.4791259765625,115.35028839111328,2.3781087398529053,180.91729736328125,0.01996423676609993,3605247,-1
279.7074890136719,172.84844970703125,2.332470178604126,213.00543212890625,0.026637360453605652,2163455,-1
279.9408264160156,267.5308837890625,1.8689651489257812,154.721435546875,0.06478458642959595,2884095,-1
281.0345153808594,159.4100341796875,2.3038623332977295,93.86782836914062,0.057334765791893005,1311487,-1
281.0345153808594,159.4100341796875,2.3038623332977295,257.84063720703125,0.057334765791893005,1311487,-1
281.47857666015625,138.55828857421875,2.0223724842071533,191.6410675048828,0.08843628317117691,8585727,-1
282.3622741699219,150.90711975097656,4.1271653175354,176.68182373046875,0.043711815029382706,10027264,-1
282.4964904785156,186.8081512451172,2.6391754150390625,210.16175842285156,0.02643776498734951,11141887,-1
283.0918273925781,198.11468505859375,5.135573863983154,210.6619415283203,0.032264504581689835,9175552,-1
283.19329833984375,120.59563446044922,2.802341938018799,91.2572021484375,0.05776907131075859,15467263,-1
285.0185241699219,191.39288330078125,3.089970588684082,210.13369750976562,0.0265425443649292,5833727,-1
285.0262756347656,263.04730224609375,1.81134831905365,144.41329956054688,0.015988705679774284,590335,-1
285.487548828125,224.01768493652344,1.9756444692611694,55.869293212890625,0.018089773133397102,6881791,-1
285.487548828125,224.01768493652344,1.9756444692611694,169.53213500976562,0.018089773133397102,6881791,-1
285.487548828125,224.01768493652344,1.9756444692611694,358.8388671875,0.018089773133397102,6881791,-1
286.391357421875,115.2777099609375,5.952064037322998,266.76531982421875,0.10815871506929398,3080960,-1
286.4535827636719,122.75712585449219,5.721963405609131,91.6324462890625,0.08521557599306107,262912,-1
289.31597900390625,175.20533752441406,3.7725391387939453,35.65692138671875,0.036584388464689255,3539200,-1
289.31597900390625,175.20533752441406,3.7725391387939453,213.86614990234375,0.036584388464689255,3539200,-1
289.99664306640625,132.42791748046875,7.990830898284912,335.8143615722656,0.09929937869310379,7733505,-1
290.9554138183594,110.8970947265625,1.9681551456451416,274.5086669921875,0.0516468845307827,6619647,-1
291.9652099609375,181.02227783203125,4.486354351043701,209.69088745117188,0.025027001276612282,16056576,-1
294.47027587890625,128.55555725097656,2.0851142406463623,339.0419006347656,0.07903395593166351,10813951,-1
294.9997253417969,190.14019775390625,1.932144045829773,355.6511535644531,0.023114824667572975,5308927,-1
295.2962341308594,230.26690673828125,2.972641706466675,57.158843994140625,0.02363797090947628,3015679,-1
296.22900390625,206.0723876953125,87.55438995361328,78.53338623046875,0.08624056726694107,13763076,-1
296.22900390625,206.0723876953125,87.55438995361328,272.9043884277344,0.08624056726694107,13763076,-1
296.6933288574219,168.96633911132812,4.715396404266357,258.30633544921875,0.015714049339294434,2949632,-1
298.71795654296875,117.99897766113281,2.1810426712036133,94.5020751953125,0.048516977578401566,14025215,-1
298.838134765625,275.6128234863281,2.4351813793182373,270.88885498046875,0.015986116603016853,5309183,-1
299.9070129394531,218.6901092529297,1.8601890802383423,91.26019287109375,0.030314253643155098,2556415,-1
300.015380859375,126.6878662109375,7.963143348693848,148.40623474121094,0.09192465245723724,7471361,-1
300.015380859375,126.6878662109375,7.963143348693848,335.17413330078125,0.09192465245723724,7471361,-1
300.0934753417969,177.02093505859375,3.3554768562316895,234.57998657226562,0.017871543765068054,11797503,-1
301.103515625,145.2567138671875,3.8805534839630127,316.22723388671875,0.08241558820009232,5570816,-1
301.103515625,145.2567138671875,3.8805534839630127,357.5892028808594,0.08241558820009232,5570816,-1
304.1223449707031,210.59912109375,2.6327576637268066,103.21063232421875,0.01837315782904625,10945279,-1
305.633056640625,250.2177276611328,2.3823471069335938,175.92440795898438,0.05357745289802551,3736319,-1
306.2220764160156,281.9673156738281,5.023512363433838,96.54208374023438,0.0618324875831604,7537152,-1
307.3709411621094,148.97540283203125,6.186107158660889,173.118896484375,0.10365881025791168,5899008,-1
307.3709411621094,148.97540283203125,6.186107158660889,349.6269836425781,0.10365881025791168,5899008,-1
310.15625,235.5414581298828,4.296414852142334,208.90786743164062,0.04092909395694733,12976384,-1
310.2818603515625,150.9979248046875,2.700047016143799,172.63955688476562,0.07164695858955383,12780287,-1
310.5209655761719,257.2574768066406,41.37047576904297,23.794525146484375,0.08219294995069504,9634307,-1
310.5209655761719,257.2574768066406,41.37047576904297,110.25434875488281,0.08219294995069504,9634307,-1
313.0675964355469,254.81459045410156,2.1366372108459473,170.30076599121094,0.021233057603240013,12583423,-1
314.0025939941406,257.8718566894531,1.9898544549942017,160.27996826171875,0.020305044949054718,7406079,-1
314.0025939941406,257.8718566894531,1.9898544549942017,342.3713073730469,0.020305044949054718,7406079,-1
316.75244140625,172.5288848876953,1.9605978727340698,277.3021545410156,0.022120587527751923,6357503,-1
316.9505310058594,227.96902465820312,4.043999671936035,246.2493438720703,0.0506465919315815,8585472,-1
319.5280456542969,235.8719024658203,2.3707408905029297,217.75332641601562,0.022140132263302803,3343103,-1
319.77471923828125,207.91497802734375,3.7499070167541504,108.36991882324219,0.016565971076488495,3145984,-1
320.7419128417969,256.11529541015625,3.92572021484375,31.41650390625,0.027063792571425438,6422784,-1
321.7093200683594,169.52711486816406,2.974329948425293,296.513916015625,0.024356408044695854,3081215,-1
322.65924072265625,283.10894775390625,2.0107944011688232,69.91275024414062,0.051961418241262436,8192511,-1
323.38885498046875,240.8979034423828,2.1251492500305176,105.10093688964844,0.025737231597304344,12190207,-1
323.9941101074219,280.3023376464844,1.9155418872833252,67.12496948242188,0.06252753734588623,4653567,-1
324.0578308105469,243.92095947265625,1.8408539295196533,109.88565063476562,0.0670771524310112,1769983,-1
324.0578308105469,243.92095947265625,1.8408539295196533,294.8861083984375,0.0670771524310112,1769983,-1
324.8384094238281,182.0187530517578,2.591628313064575,337.8892822265625,0.014208859764039516,9831167,-1
324.85284423828125,172.28114318847656,1.8536579608917236,327.6593933105469,0.02498071826994419,2294271,-1
325.59051513671875,240.36065673828125,3.4752941131591797,104.8302001953125,0.029172765091061592,14353407,-1
326.6012268066406,242.58255004882812,1.8871513605117798,110.89779663085938,0.031523481011390686,3604991,-1
326.8729553222656,157.83428955078125,2.3050248622894287,279.1321105957031,0.060679104179143906,1311487,-1
327.5966796875,167.1394500732422,6.744071960449219,185.5831298828125,0.03178895637392998,12124928,-1
327.85150146484375,147.3119354248047,10.42874813079834,200.2731170654297,0.09692752361297607,10224129,-1
327.916748046875,239.39772033691406,5.4120402336120605,341.181884765625,0.032123591750860214,12911104,-1
329.8172302246094,195.12533569335938,4.0864644050598145,336.307373046875,0.014751742593944073,9306368,-1
331.0026550292969,195.9493408203125,2.2187399864196777,339.102783203125,0.013801815919578075,15270399,-1
331.6727294921875,157.4169464111328,2.0800623893737793,253.89434814453125,0.04662587493658066,10617343,-1
333.8351745605469,215.05934143066406,3.8204243183135986,320.6451721191406,0.047015752643346786,4456704,-1
333.9390869140625,205.8095703125,3.22874116897583,50.18341064453125,0.059784431010484695,8979455,-1
334.91082763671875,147.30645751953125,1.9641607999801636,163.01095581054688,0.07024082541465759,6488575,-1
334.91082763671875,147.30645751953125,1.9641607999801636,209.14007568359375,0.07024082541465759,6488575,-1
335.275390625,191.71786499023438,1.9808152914047241,138.64862060546875,0.12975440919399261,7078399,-1
335.4404602050781,215.08863830566406,2.0211751461029053,322.9666442871094,0.04859738051891327,8520191,-1
336.1377868652344,222.6448211669922,7.730237007141113,335.52825927734375,0.06286808103322983,5308673,-1
336.4896240234375,152.53146362304688,4.245856285095215,202.4697265625,0.04602491483092308,12124416,-1
336.6465148925781,262.1994323730469,6.616159915924072,24.300872802734375,0.06298799067735672,10748672,-1
338.4445495605469,134.64675903320312,1.9121588468551636,176.3594970703125,0.10867581516504288,4522495,-1
339.5664978027344,231.09388732910156,7.093716621398926,346.0914001464844,0.062283121049404144,15794944,-1
339.89788818359375,223.1306610107422,2.5068066120147705,342.35888671875,0.05598656088113785,7406335,-1
339.96527099609375,252.29920959472656,6.525303840637207,12.902191162109375,0.06217869743704796,9765632,-1
341.1112976074219,241.8143768310547,6.500725746154785,0.395263671875,0.06162691488862038,9503488,-1
341.5018615722656,127.14515686035156,1.8708008527755737,254.42608642578125,0.10422293096780777,2949631,-1
342.50604248046875,200.33575439453125,1.9597145318984985,31.243133544921875,0.07624515146017075,6291967,-1
342.50604248046875,200.33575439453125,1.9597145318984985,115.09954833984375,0.07624515146017075,6291967,-1
343.14837646484375,232.99462890625,2.181326389312744,0.97845458984375,0.05818092077970505,14090751,-1
343.246337890625,250.70303344726562,1.9254258871078491,354.72186279296875,0.061486855149269104,5046783,-1
344.0245361328125,209.9644317626953,12.77248477935791,88.35336303710938,0.09271624684333801,8192769,-1
344.6042785644531,247.35597229003906,1.9812370538711548,349.75146484375,0.06659591943025589,7078399,-1
344.8346252441406,128.04080200195312,4.464939117431641,210.99705505371094,0.09058434516191483,15728896,-1
344.8346252441406,128.04080200195312,4.464939117431641,274.60003662109375,0.09058434516191483,15728896,-1
344.8346252441406,128.04080200195312,4.464939117431641,332.7911376953125,0.09058434516191483,15728896,-1
346.486083984375,241.52279663085938,2.0707290172576904,359.4809875488281,0.041789840906858444,10289663,-1
347.4208984375,127.30072784423828,2.23525333404541,9.775634765625,0.088102325797081,15860223,-1
347.4208984375,127.30072784423828,2.23525333404541,283.2072448730469,0.088102325797081,15860223,-1
349.5522155761719,130.00900268554688,2.158917188644409,9.259674072265625,0.08261460065841675,13304319,-1
349.5522155761719,130.00900268554688,2.158917188644409,270.28131103515625,0.08261460065841675,13304319,-1
351.8291320800781,132.5058135986328,1.831199049949646,261.9218444824219,0.05260324478149414,1376767,-1
353.8878173828125,162.5465545654297,1.9360942840576172,308.689453125,0.016386263072490692,5439999,-1
354.2148132324219,143.9265899658203,1.811395525932312,107.13980102539062,0.01715732365846634,590335,-1
354.8629455566406,186.5801239013672,2.0917670726776123,20.12945556640625,0.016343271359801292,11010559,-1
355.07208251953125,151.52940368652344,2.337299108505249,108.41184997558594,0.01818159408867359,2360063,-1
355.07208251953125,151.52940368652344,2.337299108505249,286.26910400390625,0.01818159408867359,2360063,-1
355.33648681640625,165.74642944335938,40.508079528808594,270.491943359375,0.08455458283424377,8126979,-1
355.6309814453125,160.38772583007812,1.833954095840454,309.2457275390625,0.013415493071079254,1507839,-1
357.1169128417969,195.1759490966797,1.839443564414978,257.549072265625,0.017810631543397903,1704447,-1
358.0357666015625,194.7772674560547,2.537776231765747,268.5126647949219,0.01744133047759533,8323839,-1
359.15777587890625,178.9984893798828,2.3258330821990967,351.3456115722656,0.014146821573376656,1966847,-1
369.44195556640625,184.8182830810547,2.603830337524414,101.17926025390625,0.04184301570057869,10158847,-1
373.03326416015625,163.59942626953125,2.7492547035217285,89.26751708984375,0.019386358559131622,14091007,-1
374.30706787109375,133.91213989257812,1.9237078428268433,299.8468017578125,0.05745088309049606,4981247,-1
375.3215026855469,193.7421112060547,7.9694414138793945,37.13946533203125,0.06298048794269562,7536897,-1
377.9053039550781,166.2161102294922,2.0834195613861084,1.0194091796875,0.03604813665151596,10748415,-1
381.53228759765625,147.5288543701172,5.318861484527588,342.8470764160156,0.061318933963775635,11665920,-1
384.0736083984375,155.83055114746094,4.449595928192139,350.6978759765625,0.06248492747545242,15466752,-1
384.92559814453125,165.2040252685547,4.346017837524414,358.6894836425781,0.06273682415485382,13762816,-1
386.03564453125,150.71200561523438,1.929604172706604,350.7578125,0.05764516815543175,5177855,-1
386.04705810546875,185.11631774902344,2.3473241329193115,18.5347900390625,0.04311107099056244,2687743,-1
386.4385070800781,180.25350952148438,1.9216711521148682,10.15960693359375,0.053056858479976654,4915711,-1
387.616943359375,160.09988403320312,1.95236337184906,357.71240234375,0.05716188624501228,6029823,-1
