2.506159543991089,297.81451416015625,2.065493106842041,183.5658416748047,0.03502793237566948,10093055,-1
2.5332324504852295,303.73504638671875,2.0585644245147705,180.45663452148438,0.03440744802355766,9896447,-1
2.556100606918335,276.88958740234375,1.9935768842697144,193.2099609375,0.04287762939929962,7537151,-1
3.5910000801086426,286.9537353515625,2.736734390258789,190.49203491210938,0.041364364326000214,13763327,-1
5.0879106521606445,325.4600524902344,3.3428707122802734,169.63510131835938,0.04395422711968422,11535359,-1
5.619175910949707,329.4448547363281,2.4554240703582764,165.5929718017578,0.04795956239104271,5899007,-1
6.413158416748047,333.51898193359375,2.0929884910583496,162.46701049804688,0.05157043784856796,11076095,-1
9.612695693969727,347.8571472167969,2.033907890319824,155.09735107421875,0.04306895658373833,8978943,-1
11.343810081481934,345.3247985839844,2.474942922592163,154.49270629882812,0.04682575538754463,6488831,-1
11.446365356445312,252.59664916992188,2.1486237049102783,205.39874267578125,0.04242158681154251,12976639,-1
12.045731544494629,257.84466552734375,2.0610759258270264,205.8516082763672,0.04482730105519295,9961983,-1
12.890329360961914,348.9443359375,2.1443817615509033,152.4879150390625,0.044703688472509384,12845567,-1
13.426212310791016,354.7751770019531,2.0787811279296875,149.23826599121094,0.0460602231323719,10551807,-1
16.684383392333984,355.7000427246094,1.8908270597457886,146.88316345214844,0.0525723360478878,3736063,-1
17.89647674560547,362.53265380859375,3.379084825515747,140.29183959960938,0.04663919657468796,12321791,-1
18.010120391845703,242.00282287597656,1.8415263891220093,212.47042846679688,0.04091142490506172,1835519,-1
19.493892669677734,238.93431091308594,2.4955766201019287,213.63043212890625,0.03797179087996483,7078655,-1
20.109909057617188,300.3484191894531,2.390904188156128,316.74957275390625,0.07561350613832474,3998463,-1
20.109909057617188,300.3484191894531,2.390904188156128,348.7835998535156,0.07561350613832474,3998463,-1
20.427547454833984,306.940673828125,2.9782655239105225,340.8735046386719,0.08327776193618774,3146751,-1
20.67188835144043,294.4021301269531,2.673380136489868,80.357177734375,0.08147948980331421,12059391,-1
20.808256149291992,286.8653869628906,2.0931918621063232,41.78863525390625,0.09175370633602142,11076095,-1
20.808256149291992,286.8653869628906,2.0931918621063232,250.69381713867188,0.09175370633602142,11076095,-1
21.197124481201172,294.5047607421875,3.1283154487609863,78.66766357421875,0.08118995279073715,6685695,-1
21.760135650634766,281.0839538574219,1.9838533401489258,89.98236083984375,0.09205862134695053,7209471,-1
22.073596954345703,318.6670837402344,2.4157824516296387,19.299896240234375,0.0848478302359581,4719359,-1
22.974977493286133,290.1734313964844,3.193021535873413,84.4200439453125,0.08059369772672653,8193023,-1
22.974977493286133,290.1734313964844,3.193021535873413,282.7837219238281,0.08059369772672653,8193023,-1
23.07357406616211,288.60699462890625,2.0770013332366943,250.22927856445312,0.07155046612024307,10486271,-1
24.205474853515625,282.1683349609375,3.8997814655303955,10.309600830078125,0.08015746623277664,5964032,-1
24.205474853515625,282.1683349609375,3.8997814655303955,88.0716552734375,0.08015746623277664,5964032,-1
24.841585159301758,300.3946533203125,2.153515338897705,118.34291076660156,0.08216369897127151,13107711,-1
24.908403396606445,297.2204895019531,2.018427610397339,244.56130981445312,0.10098308324813843,8454655,-1
25.07425308227539,305.1515808105469,1.9692691564559937,77.42605590820312,0.09696706384420395,6685183,-1
25.07425308227539,305.1515808105469,1.9692691564559937,238.37879943847656,0.09696706384420395,6685183,-1
25.151742935180664,320.34661865234375,2.3112003803253174,32.27789306640625,0.11596336215734482,1508095,-1
25.151742935180664,320.34661865234375,2.3112003803253174,223.261962890625,0.11596336215734482,1508095,-1
25.45937728881836,294.04241943359375,1.9886894226074219,92.53759765625,0.10010527074337006,7406079,-1
25.45937728881836,294.04241943359375,1.9886894226074219,243.51690673828125,0.10010527074337006,7406079,-1
25.577390670776367,326.603271484375,2.2241528034210205,50.095489501953125,0.075780488550663,15467007,-1
25.734827041625977,235.81466674804688,2.3525099754333496,218.77896118164062,0.043830014765262604,2818815,-1
26.016315460205078,311.5320739746094,1.8794552087783813,125.46841430664062,0.07962629944086075,3277311,-1
26.016315460205078,311.5320739746094,1.8794552087783813,246.06655883789062,0.07962629944086075,3277311,-1
26.266647338867188,288.0745544433594,1.8077764511108398,157.89654541015625,0.09179385751485825,459263,-1
26.266647338867188,288.0745544433594,1.8077764511108398,310.5278625488281,0.09179385751485825,459263,-1
26.310867309570312,316.6368408203125,2.2442972660064697,64.03997802734375,0.077431820333004,16122367,-1
26.310867309570312,316.6368408203125,2.2442972660064697,113.18238830566406,0.077431820333004,16122367,-1
26.97291374206543,307.9459533691406,2.6945433616638184,358.44940185546875,0.10207562893629074,12649215,-1
27.292016983032227,331.7984619140625,5.016799449920654,332.5212707519531,0.06180042400956154,7471616,-1
27.295717239379883,282.0144348144531,1.8754276037216187,107.96548461914062,0.0909748375415802,3146239,-1
27.295717239379883,282.0144348144531,1.8754276037216187,237.88275146484375,0.0909748375415802,3146239,-1
27.60456657409668,335.5743408203125,2.074077606201172,325.397216796875,0.07912690937519073,10420735,-1
27.719329833984375,292.03765869140625,1.958438515663147,9.546356201171875,0.07541775703430176,6291967,-1
28.07784080505371,313.9000244140625,2.174499034881592,350.0306396484375,0.09445951133966446,13828607,-1
28.2620849609375,285.2382507324219,2.612572431564331,9.828125,0.09654717147350311,10420991,-1
28.568893432617188,370.38787841796875,1.9403431415557861,133.86666870117188,0.047501735389232635,5571071,-1
28.691179275512695,373.51605224609375,1.806631088256836,131.1184844970703,0.04643021896481514,459263,-1
28.919889450073242,264.0078125,3.760359525680542,29.860107421875,0.015491700731217861,3342592,-1
28.919889450073242,264.0078125,3.760359525680542,125.94801330566406,0.015491700731217861,3342592,-1
29.82689666748047,340.3714294433594,1.953373908996582,332.9957275390625,0.08185020834207535,6095359,-1
29.90694808959961,280.2339782714844,2.6016242504119873,18.698455810546875,0.06013210117816925,10093311,-1
30.491464614868164,333.5755920410156,1.811912178993225,237.62905883789062,0.0567544549703598,655871,-1
30.57008934020996,323.5537414550781,2.1977076530456543,344.5641784667969,0.08905625343322754,14615039,-1
30.62584114074707,293.4251403808594,2.5224032402038574,8.9586181640625,0.04596838727593422,7865087,-1
31.166778564453125,229.4495849609375,1.9459561109542847,222.11602783203125,0.04385429620742798,5833215,-1
31.398880004882812,376.1404113769531,2.1676223278045654,130.48338317871094,0.04834192246198654,13631999,-1
31.53618812561035,259.3193359375,1.9261597394943237,143.27239990234375,0.01629800722002983,5046783,-1
32.5925407409668,342.39117431640625,4.671569347381592,328.9543762207031,0.0801331177353859,2294272,-1
32.738059997558594,344.6532287597656,2.485163450241089,325.904052734375,0.0787549763917923,6750975,-1
33.30158615112305,297.97216796875,6.40359354019165,4.698333740234375,0.04089721664786339,8389376,-1
33.58205032348633,223.50479125976562,2.0881030559539795,226.44998168945312,0.041265808045864105,10879487,-1
34.3953971862793,314.01458740234375,6.58511209487915,350.2425231933594,0.03577636554837227,10420992,-1
34.54497528076172,378.5777587890625,1.9688276052474976,129.92066955566406,0.04713376611471176,6619647,-1
35.176700592041016,282.87615966796875,6.364617347717285,19.727294921875,0.04729399085044861,7930624,-1
35.612770080566406,259.7648620605469,7.114843845367432,31.077392578125,0.050658490508794785,15991552,-1
36.22196960449219,344.964111328125,1.8336390256881714,234.38900756835938,0.05927996709942818,1507839,-1
36.54534149169922,338.30718994140625,2.670809507369995,330.4088439941406,0.09711670875549316,11993855,-1
39.41600036621094,264.5243225097656,2.667987585067749,31.0394287109375,0.058537792414426804,11928319,-1
39.62086486816406,218.30535888671875,1.964081048965454,233.0980682373047,0.039843134582042694,6488575,-1
39.77156066894531,342.77423095703125,2.286757707595825,319.68157958984375,0.0685199424624443,787199,-1
40.68162155151367,363.3059997558594,23.974905014038086,135.76559448242188,0.09967796504497528,3605250,-1
41.07657241821289,384.05999755859375,3.43058180809021,120.0635986328125,0.0475127175450325,13370367,-1
42.63438415527344,215.4846649169922,2.72196888923645,234.05593872070312,0.04046778008341789,13370111,-1
45.08323669433594,344.1203308105469,3.117131471633911,318.9578552246094,0.05269160866737366,6489087,-1
46.44295883178711,286.1839904785156,3.7218213081359863,125.54412841796875,0.015212327241897583,2556160,-1
47.36255645751953,358.1564636230469,1.9252880811691284,224.7937469482422,0.023867815732955933,5046783,-1
48.15125274658203,247.87594604492188,1.99749755859375,45.1748046875,0.04385814443230629,7668223,-1
48.1534309387207,348.59765625,1.8953077793121338,318.2615966796875,0.05653785541653633,3867135,-1
48.18076705932617,257.91375732421875,8.887777328491211,36.367218017578125,0.054429493844509125,15401217,-1
48.858489990234375,250.49342346191406,2.0380427837371826,43.73004150390625,0.06144404038786888,9175551,-1
49.831871032714844,211.1127166748047,2.4676475524902344,239.9105224609375,0.043214671313762665,6292223,-1
49.870567321777344,353.53204345703125,2.1331281661987305,309.7873229980469,0.049840979278087616,12452351,-1
50.771209716796875,245.18052673339844,1.926383376121521,43.499725341796875,0.03891609236598015,5046783,-1
52.58176040649414,247.40919494628906,2.6480395793914795,42.679046630859375,0.05337268114089966,11404031,-1
53.01553726196289,349.6130065917969,6.440562725067139,309.2520446777344,0.05674486979842186,8782592,-1
53.636993408203125,209.27455139160156,1.8476078510284424,241.92828369140625,0.04120109975337982,2032127,-1
53.6446418762207,242.1935272216797,2.4302899837493896,49.704620361328125,0.04025499150156975,5178111,-1
55.85224914550781,354.3662414550781,3.1029412746429443,304.297607421875,0.05436946451663971,6161407,-1
57.123199462890625,307.2923278808594,6.633275508880615,160.19898986816406,0.020254729315638542,10945280,-1
57.15065383911133,246.2223663330078,6.904914379119873,49.104644775390625,0.05665634945034981,13828864,-1
58.51529312133789,242.6355438232422,3.5379371643066406,53.81341552734375,0.05392231419682503,15598591,-1
58.89201736450195,292.65228271484375,3.361422300338745,166.00845336914062,0.028863215819001198,11928575,-1
59.25770950317383,238.13580322265625,2.0436489582061768,56.55963134765625,0.041832055896520615,9372159,-1
60.358585357666016,389.2522277832031,1.9449033737182617,107.86709594726562,0.05213597044348717,5767679,-1
60.847877502441406,285.9650573730469,2.5079233646392822,212.88380432128906,0.03640950471162796,7471871,-1
62.751033782958984,298.04132080078125,4.190284252166748,188.4083251953125,0.03539632633328438,11141376,-1
64.76221466064453,357.1669006347656,6.762925624847412,295.3232727050781,0.06099103391170502,12321536,-1
66.46458435058594,299.29644775390625,1.9768041372299194,62.115234375,0.036817848682403564,6947327,-1
66.58940124511719,275.9880065917969,2.3987553119659424,218.5038299560547,0.015663037076592445,4195071,-1
66.79420471191406,310.6783447265625,4.657889366149902,144.68414306640625,0.03615761175751686,2097664,-1
67.5374526977539,303.8758544921875,2.1084604263305664,224.0250701904297,0.038826119154691696,11600383,-1
67.6239242553711,295.9187316894531,1.8115730285644531,69.75283813476562,0.04873298481106758,655871,-1
68.1262435913086,291.5376281738281,3.0826361179351807,31.121063232421875,0.03757535666227341,5637119,-1
68.24845123291016,238.83514404296875,6.964457988739014,62.344635009765625,0.056656379252672195,14484224,-1
68.3292465209961,364.0653991699219,2.024425983428955,289.5663146972656,0.051850080490112305,8651263,-1
68.57518005371094,300.0608215332031,4.194579601287842,177.119873046875,0.050237298011779785,11206912,-1
70.70223999023438,283.2302551269531,1.9731754064559937,26.3310546875,0.04420636594295502,6816255,-1
70.70223999023438,283.2302551269531,1.9731754064559937,291.7149353027344,0.04420636594295502,6816255,-1
71.27279663085938,234.64846801757812,2.585787534713745,69.5587158203125,0.0526852011680603,9634559,-1
71.3626937866211,270.892333984375,3.09216046333313,228.6229248046875,0.02386203221976757,5899263,-1
71.4290771484375,262.1072692871094,2.9916560649871826,149.85983276367188,0.016435818746685982,3474431,-1
71.94685363769531,270.83319091796875,2.7363696098327637,230.74221801757812,0.02408713847398758,13763327,-1
72.23966979980469,276.1438293457031,4.185410022735596,224.55502319335938,0.033821240067481995,11075840,-1
72.5697021484375,311.81671142578125,2.5543932914733887,356.161376953125,0.052674610167741776,8782591,-1
73.2408218383789,365.6407470703125,2.0554146766662598,281.74810791015625,0.04772338643670082,9765375,-1
73.54365539550781,362.3490905761719,3.3811802864074707,284.1903076171875,0.05674222484230995,12321791,-1
74.21945190429688,362.0965881347656,4.080408096313477,284.5709228515625,0.05572771653532982,9240832,-1
74.72026824951172,317.5858459472656,4.966470241546631,111.53932189941406,0.03509499877691269,6750720,-1
74.7228775024414,86.68304443359375,2.580906629562378,120.5660400390625,0.07905253022909164,9503487,-1
74.7228775024414,86.68304443359375,2.580906629562378,189.80409240722656,0.07905253022909164,9503487,-1
74.7228775024414,86.68304443359375,2.580906629562378,225.70428466796875,0.07905253022909164,9503487,-1
74.88613891601562,282.1656494140625,4.660188674926758,228.875244140625,0.05040391534566879,2097664,-1
77.49287414550781,361.048095703125,7.009156703948975,280.4007263183594,0.05886506661772728,14942976,-1
77.67267608642578,75.18408966064453,2.015519618988037,278.7177734375,0.03915134817361832,8323583,-1
77.70442962646484,313.0084533691406,2.0329723358154297,7.722198486328125,0.04581204801797867,8978943,-1
78.08354949951172,249.34820556640625,26.490385055541992,79.61077880859375,0.06815022230148315,10814210,-1
78.09378051757812,286.991455078125,2.1309962272644043,269.1504211425781,0.055419351905584335,12386815,-1
78.12156677246094,91.69853210449219,3.1333630084991455,121.50650024414062,0.0578911229968071,6816767,-1
78.95584106445312,309.1968688964844,2.6557767391204834,153.3805694580078,0.057690199464559555,11600639,-1
79.24371337890625,325.0638122558594,4.0706610679626465,102.0914306640625,0.02310742251574993,9044224,-1
79.73155212402344,83.72254180908203,8.2800931930542,144.2224884033203,0.10040327906608582,10289409,-1
79.73155212402344,83.72254180908203,8.2800931930542,313.92864990234375,0.10040327906608582,10289409,-1
79.7813720703125,192.0220489501953,16.432987213134766,251.39056396484375,0.04896831512451172,9699586,-1
80.4406509399414,233.706298828125,6.40899658203125,74.70327758789062,0.0565786138176918,8454912,-1
80.8833236694336,295.1307067871094,2.002277135848999,193.7374725341797,0.035727359354496,7864831,-1
81.3320083618164,342.78582763671875,31.992206573486328,282.74163818359375,0.0683235228061676,7799043,-1
81.53683471679688,252.03431701660156,2.9843316078186035,347.9974670410156,0.015433636493980885,3277823,-1
81.7284927368164,316.1315612792969,2.2008254528045654,143.654296875,0.06354114413261414,14680575,-1
81.7284927368164,316.1315612792969,2.2008254528045654,184.2892303466797,0.06354114413261414,14680575,-1
81.7284927368164,316.1315612792969,2.2008254528045654,256.64337158203125,0.06354114413261414,14680575,-1
82.0633544921875,92.85945892333984,2.041846990585327,151.83560180664062,0.0655359998345375,9306623,-1
83.47879791259766,312.6783447265625,2.139342784881592,159.82876586914062,0.0583089217543602,12648959,-1
83.47879791259766,312.6783447265625,2.139342784881592,351.9311828613281,0.0583089217543602,12648959,-1
83.54229736328125,231.20828247070312,3.1431989669799805,82.23696899414062,0.056086476892232895,7078911,-1
84.62010955810547,340.2561340332031,5.333789348602295,189.4251708984375,0.01683329977095127,11862528,-1
84.96603393554688,309.15802001953125,2.0054423809051514,135.3543701171875,0.06829458475112915,7995903,-1
84.96603393554688,309.15802001953125,2.0054423809051514,340.6646728515625,0.06829458475112915,7995903,-1
85.18250274658203,364.5140075683594,1.9344151020050049,274.06640625,0.05980150029063225,5374463,-1
85.47746276855469,328.5826110839844,2.4914071559906006,27.390380859375,0.01615092158317566,6947583,-1
85.47746276855469,328.5826110839844,2.4914071559906006,163.34286499023438,0.01615092158317566,6947583,-1
85.52229309082031,267.078125,2.5253825187683105,274.3861999511719,0.02721497043967247,7930623,-1
85.89569091796875,319.9761657714844,4.434005260467529,64.51889038085938,0.04846521094441414,15204608,-1
85.89569091796875,319.9761657714844,4.434005260467529,104.03184509277344,0.04846521094441414,15204608,-1
86.67533111572266,88.4461669921875,2.9096360206604004,313.47100830078125,0.0544835701584816,1508351,-1
87.29181671142578,181.88438415527344,26.598331451416016,249.26980590820312,0.04911893978714943,11141890,-1
88.08548736572266,264.7549133300781,6.234336853027344,267.281494140625,0.024650922045111656,6488832,-1
89.7200927734375,295.5373229980469,18.972326278686523,10.36737060546875,0.09172650426626205,3408386,-1
89.76766967773438,362.22918701171875,5.7105302810668945,264.16290283203125,0.06011924892663956,131840,-1
90.04261016845703,277.4788513183594,3.7665035724639893,169.21372985839844,0.04236626997590065,3408128,-1
90.04261016845703,277.4788513183594,3.7665035724639893,261.0649719238281,0.04236626997590065,3408128,-1
90.83267211914062,314.4095153808594,2.674407720565796,181.09024047851562,0.05591887980699539,12059391,-1
91.11132049560547,323.9052734375,3.795722723007202,65.2261962890625,0.02957681566476822,3997952,-1
92.0738754272461,99.85311889648438,7.807440280914307,94.97149658203125,0.08845028281211853,6029569,-1
92.0738754272461,99.85311889648438,7.807440280914307,137.45155334472656,0.08845028281211853,6029569,-1
92.45047760009766,195.2217254638672,3.0771286487579346,271.0561828613281,0.09620805829763412,5506047,-1
93.03762817382812,232.4152069091797,6.570044040679932,91.900146484375,0.06804046034812927,10224384,-1
93.93733978271484,272.2997131347656,4.154246807098389,264.1322326660156,0.04200826957821846,10551552,-1
93.93733978271484,272.2997131347656,4.154246807098389,294.3466491699219,0.04200826957821846,10551552,-1
94.17862701416016,92.4858627319336,3.834934949874878,269.7384033203125,0.0938180536031723,4718848,-1
94.17862701416016,92.4858627319336,3.834934949874878,296.495849609375,0.0938180536031723,4718848,-1
94.76770782470703,390.3536682128906,2.212632179260254,79.91021728515625,0.05602762848138809,15073791,-1
95.63021850585938,315.7530212402344,4.2329816818237305,45.347442626953125,0.047095101326704025,11862272,-1
95.63650512695312,311.6197814941406,1.989146113395691,287.9169921875,0.06712913513183594,7406079,-1
95.63650512695312,311.6197814941406,1.989146113395691,316.41510009765625,0.06712913513183594,7406079,-1
95.74642944335938,87.39579772949219,3.9423210620880127,256.22894287109375,0.08472324162721634,6750464,-1
96.23445892333984,333.8838806152344,4.061487197875977,0.731781005859375,0.013894325122237206,8913152,-1
96.42302703857422,327.3890686035156,1.9611448049545288,22.304107666015625,0.021904727444052696,6357503,-1
96.44725799560547,318.0851135253906,1.893889307975769,32.102294921875,0.04457242414355278,3867135,-1
96.97207641601562,299.3332824707031,1.9044017791748047,191.3353271484375,0.10143228620290756,4260351,-1
96.97207641601562,299.3332824707031,1.9044017791748047,348.108154296875,0.10143228620290756,4260351,-1
97.62925720214844,294.9742736816406,2.0012991428375244,29.59735107421875,0.08362598717212677,7799295,-1
97.88107299804688,290.0342712402344,2.8811662197113037,30.35430908203125,0.06223461031913757,787455,-1
98.00883483886719,307.5914611816406,2.371011257171631,83.990966796875,0.08425895869731903,3408639,-1
98.30996704101562,303.8763427734375,3.314453125,83.92849731445312,0.05040641874074936,10879999,-1
98.84159088134766,95.08157348632812,2.1749722957611084,260.7474060058594,0.0532868392765522,13828607,-1
99.39470672607422,269.8642578125,3.3864362239837646,232.2886962890625,0.05000142380595207,12452863,-1
99.39470672607422,269.8642578125,3.3864362239837646,307.10626220703125,0.05000142380595207,12452863,-1
99.40213012695312,213.7645721435547,25.469003677368164,251.14483642578125,0.09829305857419968,7996162,-1
99.71185302734375,235.0430450439453,3.2834415435791016,185.6246795654297,0.021651199087500572,10224639,-1
99.79456329345703,91.9476547241211,3.0776894092559814,261.513671875,0.07190818339586258,5506047,-1
99.89937591552734,235.58291625976562,3.6582741737365723,175.54566955566406,0.021749310195446014,1310976,-1
99.92464447021484,292.81280517578125,2.4139351844787598,35.976287841796875,0.07627113163471222,4653823,-1
100.31178283691406,355.4700927734375,13.693229675292969,253.35879516601562,0.057180240750312805,13239041,-1
100.95756530761719,318.4604797363281,3.9800784587860107,45.694183349609375,0.02697358839213848,7405824,-1
100.99020385742188,311.07476806640625,3.2058932781219482,37.39288330078125,0.03679622337222099,8520703,-1
101.3475112915039,282.920166015625,3.015693426132202,10.41839599609375,0.05303078517317772,4064255,-1
101.58509826660156,105.33353424072266,4.391169548034668,77.16189575195312,0.0680295005440712,14549248,-1
101.8302001953125,358.31488037109375,7.631709575653076,251.12991333007812,0.05846411734819412,4391169,-1
101.89720153808594,358.8359069824219,6.8787407875061035,252.1766357421875,0.05982259660959244,13566720,-1
102.57402038574219,191.65455627441406,4.6020636558532715,271.4186096191406,0.05331413820385933,1245696,-1
103.74549865722656,73.71824645996094,1.8745883703231812,209.53501892089844,0.07958376407623291,3080703,-1
103.83824920654297,201.05038452148438,2.4564549922943115,280.6160888671875,0.020703298971056938,5964543,-1
105.37532043457031,271.7625732421875,2.204314708709717,16.5023193359375,0.0733882337808609,14811647,-1
105.48916625976562,295.2461853027344,2.185577392578125,348.638916015625,0.044736459851264954,14221823,-1
105.50406646728516,310.65576171875,2.6722378730773926,1.92913818359375,0.03709593042731285,12059391,-1
105.50406646728516,310.65576171875,2.6722378730773926,48.829071044921875,0.03709593042731285,12059391,-1
105.53092956542969,391.0420837402344,2.0378432273864746,78.7918701171875,0.04573039337992668,9110015,-1
105.58870697021484,80.0531234741211,2.0636727809906006,134.02952575683594,0.0570419505238533,10027519,-1
107.0264663696289,359.7623291015625,1.9779757261276245,244.9732666015625,0.052245818078517914,7012863,-1
107.40711975097656,127.4748764038086,1.9109331369400024,156.31448364257812,0.07594966143369675,4456959,-1
107.77125549316406,120.87782287597656,3.4042255878448486,349.26177978515625,0.08931022882461548,12846079,-1
107.9903793334961,281.4364013671875,6.45589542388916,12.3460693359375,0.04432874545454979,8979200,-1
108.99436950683594,289.26220703125,2.863572120666504,284.4407958984375,0.04145366698503494,328703,-1
109.35997009277344,125.04307556152344,2.1549556255340576,343.8802795410156,0.0806208997964859,13173247,-1
109.41533660888672,187.8123779296875,1.9324997663497925,350.6412658691406,0.043532222509384155,5308927,-1
110.0827865600586,194.42709350585938,2.2352333068847656,271.952392578125,0.05840451270341873,15860223,-1
110.42037963867188,70.4144515991211,2.1091935634613037,288.67047119140625,0.03791913762688637,11600383,-1
110.57170104980469,183.7657470703125,3.4625706672668457,168.7996063232422,0.04661836847662926,14091263,-1
110.6814956665039,177.79856872558594,4.040248394012451,198.64370727539062,0.0477159209549427,8519936,-1
111.31719207763672,357.51446533203125,2.3845956325531006,243.975341796875,0.05438828840851784,3801855,-1
111.34739685058594,233.8092498779297,2.1598403453826904,109.58206176757812,0.07105705887079239,13369855,-1
113.77499389648438,323.2890930175781,4.827324390411377,128.3224639892578,0.014267978258430958,4653568,-1
114.04843139648438,352.84710693359375,7.075038433074951,238.50721740722656,0.05247264355421066,15598336,-1
114.1539306640625,352.5813293457031,7.390207767486572,237.26321411132812,0.05163898691534996,2031873,-1
114.45367431640625,137.89407348632812,3.8139824867248535,154.27711486816406,0.0890185758471489,4325632,-1
114.45367431640625,137.89407348632812,3.8139824867248535,327.89019775390625,0.0890185758471489,4325632,-1
114.48471069335938,261.50714111328125,3.2898576259613037,201.47509765625,0.03336548060178757,10355711,-1
114.68211364746094,84.77728271484375,16.430727005004883,276.42559814453125,0.08343760669231415,9699586,-1
114.85794830322266,235.17710876464844,1.9735532999038696,110.04515075683594,0.04692507162690163,6816255,-1
114.86627197265625,256.8924560546875,4.931214809417725,209.10638427734375,0.030900724232196808,6226432,-1
115.1474609375,276.39031982421875,2.5199267864227295,21.193603515625,0.10015249252319336,7799551,-1
116.13182067871094,71.6791000366211,5.455344200134277,288.114990234375,0.043974630534648895,13500928,-1
116.15180206298828,99.6432876586914,4.450488567352295,17.139862060546875,0.06351454555988312,15532288,-1
116.15180206298828,99.6432876586914,4.450488567352295,76.63058471679688,0.06351454555988312,15532288,-1
116.15180206298828,99.6432876586914,4.450488567352295,350.300537109375,0.06351454555988312,15532288,-1
116.55723571777344,230.9432830810547,4.536344051361084,6.89874267578125,0.08432437479496002,197120,-1
117.13532257080078,264.89984130859375,2.102069139480591,205.60064697265625,0.07949057221412659,11403775,-1
117.64175415039062,73.50859069824219,1.9640514850616455,272.00689697265625,0.033313360065221786,6488575,-1
118.93029022216797,178.91940307617188,7.457364559173584,219.6920623779297,0.10146395862102509,2687233,-1
118.96446228027344,153.96774291992188,4.6933722496032715,190.12139892578125,0.051669951528310776,2621952,-1
119.1373291015625,291.7955627441406,3.0610690116882324,37.61688232421875,0.017265643924474716,5178367,-1
119.39810180664062,157.4446563720703,2.168609857559204,194.21322631835938,0.03964098170399666,13631999,-1
119.40135955810547,95.79231262207031,1.9147261381149292,99.6832275390625,0.0701587125658989,4653567,-1
120.03848266601562,226.22000122070312,2.457155704498291,358.0924987792969,0.045741934329271317,5964543,-1
120.9687728881836,168.93014526367188,4.219225883483887,158.4211883544922,0.07598930597305298,11665664,-1
120.9687728881836,168.93014526367188,4.219225883483887,246.30731201171875,0.07598930597305298,11665664,-1
121.12238311767578,217.31301879882812,2.1883647441864014,10.28546142578125,0.04131964221596718,14287359,-1
121.22826385498047,256.3547058105469,2.3176863193511963,20.31085205078125,0.051275402307510376,1704703,-1
121.22826385498047,256.3547058105469,2.3176863193511963,205.09515380859375,0.051275402307510376,1704703,-1
122.38944244384766,77.21577453613281,1.948299765586853,298.7723083496094,0.05046768859028816,5898751,-1
123.06208038330078,89.69727325439453,1.8642091751098633,64.55975341796875,0.05511559918522835,2687487,-1
123.06208038330078,89.69727325439453,1.8642091751098633,227.67984008789062,0.05511559918522835,2687487,-1
123.17809295654297,260.5939636230469,2.531362295150757,22.181549072265625,0.029020704329013824,8127231,-1
123.25546264648438,269.2778015136719,6.043705463409424,21.069976806640625,0.021797168999910355,4195072,-1
124.60903930664062,254.53285217285156,1.9150704145431519,17.3544921875,0.04214870184659958,4653567,-1
125.65177917480469,281.64617919921875,2.4157228469848633,38.87542724609375,0.015239167027175426,4719359,-1
125.97222137451172,87.47520446777344,2.06622052192688,231.98924255371094,0.03946474567055702,10158591,-1
126.39682006835938,189.16163635253906,10.338756561279297,78.40478515625,0.0758948028087616,9634305,-1
126.39682006835938,189.16163635253906,10.338756561279297,305.08038330078125,0.0758948028087616,9634305,-1
126.69473266601562,142.23056030273438,6.160577774047852,224.69139099121094,0.053833361715078354,5571328,-1
126.69473266601562,142.23056030273438,6.160577774047852,262.3294982910156,0.053833361715078354,5571328,-1
126.8473129272461,97.34637451171875,4.652516841888428,106.81550598144531,0.047129180282354355,2032128,-1
127.50174713134766,80.86720275878906,2.4800000190734863,296.3885498046875,0.045034606009721756,6619903,-1
127.71221160888672,152.4764862060547,6.649857997894287,13.91888427734375,0.06740259379148483,11141888,-1
127.71221160888672,152.4764862060547,6.649857997894287,191.65325927734375,0.06740259379148483,11141888,-1
128.75392150878906,274.03680419921875,1.9410661458969116,48.54534912109375,0.021164802834391594,5636607,-1
128.75392150878906,274.03680419921875,1.9410661458969116,221.537841796875,0.021164802834391594,5636607,-1
128.81968688964844,199.19537353515625,2.21191668510437,173.1807098388672,0.09111671149730682,15073791,-1
129.29116821289062,247.44854736328125,3.9390015602111816,137.54798889160156,0.06090264022350311,6684928,-1
129.3719940185547,286.06927490234375,2.242445468902588,269.5676574707031,0.015319958329200745,16056831,-1
130.1528778076172,96.99832916259766,1.9534046649932861,118.8741455078125,0.044287487864494324,6095359,-1
130.172607421875,241.26141357421875,3.2386815547943115,195.04196166992188,0.06169689819216728,9241599,-1
130.4971160888672,115.57787322998047,22.916433334350586,227.20574951171875,0.07286626845598221,328450,-1
131.5864715576172,157.45892333984375,3.2377922534942627,7.00177001953125,0.07435010373592377,9176063,-1
132.0773468017578,258.18084716796875,9.934662818908691,136.87376403808594,0.04493813216686249,6750721,-1
132.07794189453125,211.7454376220703,2.448525905609131,201.50010681152344,0.05083392560482025,5702399,-1
132.38351440429688,181.0699462890625,2.508981466293335,109.44822692871094,0.08098281174898148,7471871,-1
132.6014862060547,219.38400268554688,4.071298599243164,188.47898864746094,0.07155290991067886,9044224,-1
132.98965454101562,185.07342529296875,3.43756365776062,110.11056518554688,0.04683540016412735,13566975,-1
133.4624481201172,334.16876220703125,6.498673439025879,213.9523468017578,0.05057917907834053,9437952,-1
133.5336456298828,230.3499298095703,2.772455930709839,198.05459594726562,0.051939330995082855,14680831,-1
134.25384521484375,240.47372436523438,8.77853775024414,190.23562622070312,0.062074970453977585,14483713,-1
134.2864532470703,161.02230834960938,6.361241817474365,179.01800537109375,0.09408466517925262,7930624,-1
134.35647583007812,173.70516967773438,4.417709827423096,4.560821533203125,0.10800585150718689,14942464,-1
134.3944091796875,218.71218872070312,1.8960288763046265,147.92724609375,0.07465435564517975,3932671,-1
134.3944091796875,218.71218872070312,1.8960288763046265,196.48678588867188,0.07465435564517975,3932671,-1
134.61996459960938,251.8040771484375,2.3185086250305176,142.7266845703125,0.049334727227687836,1770239,-1
135.06964111328125,90.4412841796875,8.4887056350708,99.96978759765625,0.07079321891069412,12058881,-1
135.5372772216797,248.6875762939453,1.8335466384887695,139.9071044921875,0.06804027408361435,1507839,-1
136.49644470214844,145.65577697753906,2.599175214767456,89.3076171875,0.05035531893372536,10027775,-1
136.49644470214844,145.65577697753906,2.599175214767456,207.15304565429688,0.05035531893372536,10027775,-1
136.95950317382812,362.8465270996094,1.8954954147338867,48.009613037109375,0.017987526953220367,3932671,-1
137.69297790527344,151.10003662109375,4.8506340980529785,198.92942810058594,0.09261700510978699,5046784,-1
138.07693481445312,322.7927551269531,8.709891319274902,203.92245483398438,0.049818769097328186,13959425,-1
138.13119506835938,247.9141845703125,1.8818491697311401,38.01983642578125,0.09501832723617554,3408383,-1
138.13119506835938,247.9141845703125,1.8818491697311401,259.16156005859375,0.09501832723617554,3408383,-1
138.36073303222656,137.48660278320312,1.8296152353286743,249.7610321044922,0.03751828521490097,1376767,-1
138.41563415527344,251.1642608642578,3.0110762119293213,143.76217651367188,0.07834697514772415,3933183,-1
138.70286560058594,79.88919830322266,2.01092529296875,124.29246520996094,0.07868903130292892,8192511,-1
138.70286560058594,79.88919830322266,2.01092529296875,223.36715698242188,0.07868903130292892,8192511,-1
138.70286560058594,79.88919830322266,2.01092529296875,267.8079833984375,0.07868903130292892,8192511,-1
138.71363830566406,259.0124206542969,2.908304214477539,153.27435302734375,0.04244638979434967,1442815,-1
139.26564025878906,259.3564147949219,2.354274272918701,154.92547607421875,0.043773751705884933,2884351,-1
139.4108428955078,244.1165313720703,1.800129771232605,50.241485595703125,0.05930177867412567,197119,-1
139.6342010498047,201.410400390625,1.9595803022384644,10.41802978515625,0.0502469502389431,6291967,-1
139.6342010498047,201.410400390625,1.9595803022384644,297.9226379394531,0.0502469502389431,6291967,-1
139.81582641601562,142.63783264160156,6.147733211517334,232.156982421875,0.059589918702840805,5440256,-1
139.88925170898438,75.37615966796875,4.0253424644470215,245.03211975097656,0.06753018498420715,8257792,-1
140.3623809814453,249.52499389648438,1.8469438552856445,19.73046875,0.09158803522586823,2032127,-1
140.3623809814453,249.52499389648438,1.8469438552856445,259.8342590332031,0.09158803522586823,2032127,-1
140.81561279296875,104.28565979003906,10.44081974029541,104.43185424804688,0.06380730867385864,10355201,-1
141.00784301757812,255.5294647216797,2.621403455734253,149.56979370117188,0.0823582261800766,10617599,-1
141.7877960205078,309.2172546386719,9.035744667053223,196.50421142578125,0.045572418719530106,16580865,-1
141.86752319335938,264.8567810058594,2.6571764945983887,155.4212188720703,0.050378892570734024,11600639,-1
141.88734436035156,257.8197937011719,2.179997205734253,151.3551483154297,0.07382609695196152,14025215,-1
142.04830932617188,157.80426025390625,4.929878234863281,173.58567810058594,0.05301353335380554,6160896,-1
142.3946075439453,70.49244689941406,2.5123908519744873,194.3435821533203,0.06098799407482147,7602943,-1
142.3946075439453,70.49244689941406,2.5123908519744873,261.54278564453125,0.06098799407482147,7602943,-1
142.47459411621094,136.39096069335938,2.0581142902374268,265.8753662109375,0.06931033730506897,9830911,-1
142.47947692871094,151.75299072265625,2.3534810543060303,199.4822998046875,0.040622591972351074,2818815,-1
142.6571502685547,244.0687255859375,2.1057653427124023,48.674285888671875,0.08492860943078995,11534847,-1
142.6571502685547,244.0687255859375,2.1057653427124023,131.3430938720703,0.08492860943078995,11534847,-1
142.98211669921875,117.4982681274414,5.865132808685303,199.55508422851562,0.030585043132305145,2032384,-1
143.00888061523438,246.50440979003906,4.987782001495361,142.1714630126953,0.07463739812374115,7012864,-1
143.15066528320312,117.97433471679688,5.474613189697266,202.24449157714844,0.030628737062215805,13763072,-1
144.04444885253906,312.69610595703125,4.183339595794678,196.68719482421875,0.04250236228108406,11010304,-1
144.38363647460938,87.94916534423828,4.879350185394287,92.39935302734375,0.035591427236795425,5440000,-1
144.38363647460938,87.94916534423828,4.879350185394287,283.36627197265625,0.035591427236795425,5440000,-1
144.38363647460938,87.94916534423828,4.879350185394287,338.09490966796875,0.035591427236795425,5440000,-1
144.40286254882812,156.92422485351562,2.253178596496582,351.916259765625,0.018378853797912598,16384511,-1
144.50209045410156,313.43646240234375,3.182399034500122,196.34536743164062,0.043531496077775955,7930879,-1
144.64385986328125,82.53865051269531,2.4625966548919678,107.30496215820312,0.046802300959825516,6095615,-1
144.7650146484375,363.0203552246094,1.9774786233901978,41.57098388671875,0.047572843730449677,6947327,-1
144.7747039794922,272.1676330566406,2.2860019207000732,167.5847625732422,0.050329938530921936,721663,-1
144.84463500976562,134.44439697265625,2.064110279083252,295.88348388671875,0.05470696836709976,10093055,-1
145.1256866455078,263.3260192871094,3.088991403579712,154.294921875,0.08128070831298828,5833727,-1
145.96749877929688,277.96209716796875,2.707000732421875,170.90597534179688,0.063886359333992,12976895,-1
145.9710235595703,281.9898376464844,1.8026411533355713,109.10464477539062,0.08546971529722214,262655,-1
145.9710235595703,281.9898376464844,1.8026411533355713,221.60255432128906,0.08546971529722214,262655,-1
145.9735565185547,68.82298278808594,2.592961549758911,196.2496795654297,0.10146009922027588,9831167,-1
145.99282836914062,95.48405456542969,5.133430480957031,129.60903930664062,0.06740600615739822,9110016,-1
145.99879455566406,247.81396484375,2.02878737449646,150.77528381347656,0.08112446218729019,8847871,-1
146.8367919921875,186.4473876953125,2.105635643005371,120.69334411621094,0.05226188153028488,11534847,-1
147.03363037109375,298.95880126953125,3.07647967338562,184.4526824951172,0.049559418112039566,5506047,-1
147.35960388183594,158.62948608398438,1.9139295816421509,187.58572387695312,0.02105771191418171,4588031,-1
147.35960388183594,158.62948608398438,1.9139295816421509,353.6312561035156,0.02105771191418171,4588031,-1
147.3773651123047,284.68853759765625,2.1239781379699707,169.61444091796875,0.06771934777498245,12124671,-1
147.4678497314453,173.8471221923828,1.826764464378357,166.50535583496094,0.013522207736968994,1245695,-1
147.4678497314453,173.8471221923828,1.826764464378357,307.6148376464844,0.013522207736968994,1245695,-1
147.59808349609375,131.06777954101562,4.122004985809326,206.81004333496094,0.07973570376634598,9961728,-1
148.1305389404297,271.5917663574219,3.232355833053589,168.48065185546875,0.08322757482528687,9110527,-1
148.21096801757812,255.57492065429688,5.319077968597412,149.63552856445312,0.0681477040052414,11665920,-1
148.38949584960938,362.6013488769531,2.0501456260681152,40.10028076171875,0.042947035282850266,9568767,-1
148.54176330566406,251.92449951171875,1.8913248777389526,144.26824951171875,0.08753816038370132,3736063,-1
148.76571655273438,264.2113952636719,2.411142110824585,198.8671875,0.08404427766799927,4588287,-1
148.76571655273438,264.2113952636719,2.411142110824585,355.10833740234375,0.08404427766799927,4588287,-1
149.10325622558594,76.73897552490234,10.839964866638184,278.2604675292969,0.06770925223827362,13042177,-1
149.47996520996094,280.70819091796875,4.657357692718506,171.61965942382812,0.06884567439556122,2097664,-1
149.8031768798828,233.1905059814453,24.171506881713867,328.2387390136719,0.09757068008184433,4195074,-1
149.86526489257812,276.79998779296875,3.385002851486206,172.18206787109375,0.07875782251358032,12452863,-1
149.97518920898438,157.59503173828125,1.9761755466461182,189.01504516601562,0.015561972744762897,6947327,-1
150.24517822265625,283.62152099609375,2.1434953212738037,168.37518310546875,0.06121429055929184,12780031,-1
150.39404296875,268.783447265625,2.0077993869781494,320.03741455078125,0.08535108715295792,8061439,-1
150.67160034179688,112.8583755493164,3.5026333332061768,191.60604858398438,0.047293081879615784,14877695,-1
150.81967163085938,259.88214111328125,2.06636643409729,228.84823608398438,0.08348597586154938,10158591,-1
150.94515991210938,291.8448181152344,3.1209704875946045,178.59971618652344,0.06800904124975204,6554623,-1
151.07632446289062,256.41912841796875,1.9768089056015015,154.71026611328125,0.08461003005504608,6947327,-1
151.07632446289062,256.41912841796875,1.9768089056015015,226.63304138183594,0.08461003005504608,6947327,-1
151.31637573242188,297.17987060546875,3.3779430389404297,181.04226684570312,0.07957080006599426,12256255,-1
151.40182495117188,132.19406127929688,1.8037623167037964,201.22438049316406,0.04324468597769737,328191,-1
151.4464874267578,107.11319732666016,1.863028883934021,184.85870361328125,0.04360033944249153,2621951,-1
151.7223663330078,181.62013244628906,10.632319450378418,81.49728393554688,0.06816989183425903,11665921,-1
151.86965942382812,265.23724365234375,2.182156562805176,213.13645935058594,0.11970245093107224,14090751,-1
151.970458984375,87.39508056640625,22.99850082397461,37.214599609375,0.08207020163536072,590594,-1
151.970458984375,87.39508056640625,22.99850082397461,252.04112243652344,0.08207020163536072,590594,-1
152.07650756835938,273.492431640625,2.450571298599243,311.64971923828125,0.08496201783418655,5767935,-1
152.87689208984375,279.08770751953125,1.8417888879776,45.9503173828125,0.09673107415437698,1835519,-1
153.23814392089844,129.20164489746094,2.632195234298706,196.66542053222656,0.0534348301589489,10945279,-1
153.23814392089844,129.20164489746094,2.632195234298706,282.4207763671875,0.0534348301589489,10945279,-1
153.32342529296875,79.96385955810547,2.060185432434082,117.61146545410156,0.022920580580830574,9896447,-1
153.92254638671875,288.99676513671875,1.8926581144332886,56.56817626953125,0.11068195849657059,3801599,-1
153.92254638671875,288.99676513671875,1.8926581144332886,262.3392333984375,0.11068195849657059,3801599,-1
153.958984375,300.1310119628906,1.9498424530029297,55.862548828125,0.09986280649900436,5964287,-1
153.958984375,300.1310119628906,1.9498424530029297,273.09490966796875,0.09986280649900436,5964287,-1
154.03616333007812,286.05303955078125,1.9691442251205444,55.488922119140625,0.09620527178049088,6685183,-1
154.03616333007812,286.05303955078125,1.9691442251205444,290.77581787109375,0.09620527178049088,6685183,-1
155.05601501464844,265.7642517089844,2.0475847721099854,165.44699096679688,0.08939208090305328,9503231,-1
155.4722900390625,91.66277313232422,2.600149631500244,260.7220458984375,0.055968716740608215,10027775,-1
155.62916564941406,317.693359375,2.0411033630371094,305.8113708496094,0.02180705964565277,9241087,-1
156.0677032470703,347.95062255859375,1.9043962955474854,30.804473876953125,0.04267263412475586,4260351,-1
156.16787719726562,188.44427490234375,1.80111825466156,75.1820068359375,0.05451681464910507,197119,-1
156.31295776367188,126.1559829711914,2.8942930698394775,268.203369140625,0.0743214413523674,1115135,-1
156.4368133544922,53.206905364990234,1.8385294675827026,170.8544158935547,0.0380941666662693,1704447,-1
156.51089477539062,296.5956726074219,2.010495185852051,101.58291625976562,0.06456190347671509,8192511,-1
156.51089477539062,296.5956726074219,2.010495185852051,328.6891174316406,0.06456190347671509,8192511,-1
156.68966674804688,298.8569641113281,4.333462715148926,179.72059631347656,0.08260615915060043,13566208,-1
156.68966674804688,298.8569641113281,4.333462715148926,252.20059204101562,0.08260615915060043,13566208,-1
156.74192810058594,292.2289123535156,2.881633996963501,257.663330078125,0.08721933513879776,787455,-1
156.8873748779297,99.88613891601562,11.196128845214844,22.954681396484375,0.08342002332210541,15401473,-1
157.20993041992188,307.9141845703125,3.2949371337890625,130.41033935546875,0.018382428213953972,10486783,-1
157.5415496826172,276.96142578125,2.5698318481445312,146.0423583984375,0.09104754030704498,9175807,-1
157.58644104003906,288.18414306640625,2.999074697494507,254.91293334960938,0.07736590504646301,3671039,-1
157.71160888671875,268.10357666015625,2.66107177734375,197.69386291503906,0.06054999679327011,11731711,-1
157.85060119628906,344.0985412597656,2.56980562210083,29.63653564453125,0.04487532749772072,9175807,-1
158.08872985839844,132.7781524658203,8.306931495666504,311.1629943847656,0.0694107785820961,10486017,-1
158.56942749023438,282.6558837890625,2.0061185359954834,92.4056396484375,0.081112802028656,7995903,-1
158.56942749023438,282.6558837890625,2.0061185359954834,161.2493133544922,0.081112802028656,7995903,-1
159.0784454345703,184.21249389648438,4.1136040687561035,67.16207885742188,0.06126732751727104,9830656,-1
159.07882690429688,273.58123779296875,2.388272285461426,145.572265625,0.06346065551042557,3932927,-1
159.07882690429688,273.58123779296875,2.388272285461426,182.82916259765625,0.06346065551042557,3932927,-1
159.9529266357422,258.2144470214844,9.611457824707031,352.16265869140625,0.06254435330629349,4325889,-1
159.9834442138672,279.8436279296875,2.6545140743255615,142.23806762695312,0.05630609020590782,11535103,-1
159.9834442138672,279.8436279296875,2.6545140743255615,211.44180297851562,0.05630609020590782,11535103,-1
160.3501739501953,129.09136962890625,3.340437650680542,269.2059326171875,0.0727619081735611,11469823,-1
160.3501739501953,129.09136962890625,3.340437650680542,308.2414855957031,0.0727619081735611,11469823,-1
160.71852111816406,103.93639373779297,4.313022136688232,18.438995361328125,0.06610864400863647,13238528,-1
160.92323303222656,290.73626708984375,3.251549482345581,229.66513061523438,0.04406171292066574,9503743,-1
161.70166015625,87.31949615478516,1.992316484451294,35.321929931640625,0.06014860421419144,7537151,-1
162.26895141601562,159.85546875,34.97996139526367,317.1283264160156,0.11388641595840454,14221571,-1
162.27005004882812,145.44984436035156,4.22272253036499,326.40997314453125,0.01787777617573738,11731200,-1
162.6954345703125,68.25773620605469,9.574655532836914,278.7318420410156,0.09500207006931305,4063745,-1
162.73388671875,201.5367431640625,22.569644927978516,81.009033203125,0.07932018488645554,15925762,-1
162.7441864013672,126.56587982177734,2.057460069656372,303.95672607421875,0.03746349364519119,9830911,-1
162.7704315185547,250.36781311035156,2.0047295093536377,337.4062805175781,0.047090306878089905,7930367,-1
163.64212036132812,53.53205871582031,7.646770000457764,134.505126953125,0.10881850868463516,4522241,-1
164.47434997558594,337.1495056152344,2.1751868724823,20.237457275390625,0.040153201669454575,13828607,-1
164.48794555664062,92.52660369873047,3.026444673538208,13.327056884765625,0.08518974483013153,4326399,-1
164.70965576171875,298.9088439941406,2.6725986003875732,25.07000732421875,0.036361511796712875,12059391,-1
164.70965576171875,298.9088439941406,2.6725986003875732,169.34530639648438,0.036361511796712875,12059391,-1
164.70965576171875,298.9088439941406,2.6725986003875732,242.0177764892578,0.036361511796712875,12059391,-1
164.74180603027344,184.86314392089844,2.776850700378418,50.1566162109375,0.06213679164648056,14811903,-1
165.08299255371094,287.92498779296875,2.313567638397217,1.3995361328125,0.04346782714128494,1639167,-1
165.08299255371094,287.92498779296875,2.313567638397217,178.89732360839844,0.04346782714128494,1639167,-1
165.11212158203125,225.9560089111328,2.4023139476776123,320.7402648925781,0.04361266642808914,4326143,-1
165.59759521484375,87.66313934326172,3.508801221847534,61.41326904296875,0.07683804631233215,15008767,-1
165.84378051757812,244.12794494628906,2.4509735107421875,121.04083251953125,0.053649310022592545,5767935,-1
165.96661376953125,119.10086822509766,14.120326042175293,310.2388610839844,0.05106041580438614,15467265,-1
166.30470275878906,50.469905853271484,3.054774284362793,282.4830627441406,0.07295277714729309,4981759,-1
166.32232666015625,260.3150329589844,2.197641611099243,340.9217529296875,0.04056849330663681,14615039,-1
166.9365692138672,254.71006774902344,1.8361316919326782,340.2610778808594,0.043114423751831055,1573375,-1
167.06661987304688,249.83944702148438,4.981521129608154,342.3011779785156,0.08023960143327713,6947328,-1
169.1059112548828,236.3761444091797,1.933700442314148,330.3070068359375,0.05229116976261139,5374463,-1
169.19020080566406,260.9479064941406,2.158553123474121,340.8079833984375,0.03987584263086319,13304319,-1
169.25738525390625,230.02108764648438,4.044181823730469,329.16595458984375,0.04562140256166458,8585472,-1
170.42642211914062,265.4446105957031,1.991599440574646,346.1669006347656,0.04170435294508934,7471615,-1
170.92555236816406,268.3006591796875,1.8362988233566284,347.8251037597656,0.044005926698446274,1638911,-1
171.42166137695312,59.423980712890625,2.0483453273773193,311.3915100097656,0.040357671678066254,9503231,-1
171.88925170898438,152.44888305664062,3.432981491088867,300.4631652832031,0.02096456289291382,13435903,-1
171.92823791503906,247.3643798828125,2.099060535430908,114.41453552246094,0.05583883449435234,11272703,-1
171.984619140625,147.88084411621094,2.635810613632202,303.1776123046875,0.027072379365563393,11010815,-1
172.02273559570312,152.76654052734375,3.7503154277801514,300.401123046875,0.02066451869904995,3145984,-1
172.31529235839844,70.48847198486328,2.751828908920288,248.611083984375,0.08091017603874207,14156543,-1
172.8455810546875,277.030029296875,2.148825168609619,350.58367919921875,0.041058290749788284,12976639,-1
173.4373321533203,283.7502136230469,2.027695655822754,357.77215576171875,0.03961620107293129,8782335,-1
173.793701171875,67.65277862548828,2.020758628845215,137.3960723876953,0.07446053624153137,8520191,-1
175.48419189453125,149.8700714111328,2.713820457458496,299.84112548828125,0.026553964242339134,13173503,-1
176.16835021972656,243.16787719726562,2.6712164878845215,324.5062255859375,0.04803464561700821,11993855,-1
177.1094512939453,80.26596069335938,2.545624017715454,70.4072265625,0.04994979128241539,8520447,-1
177.1956329345703,248.6644287109375,3.0264883041381836,100.82208251953125,0.08657330274581909,4326399,-1
177.1956329345703,248.6644287109375,3.0264883041381836,321.4433288574219,0.08657330274581909,4326399,-1
177.6640625,60.776634216308594,3.9340267181396484,309.8685302734375,0.03383249044418335,6553856,-1
179.50242614746094,246.89610290527344,1.9103472232818604,319.392333984375,0.03912212699651718,4456959,-1
180.80670166015625,152.59243774414062,2.881039619445801,299.0286865234375,0.029530301690101624,787455,-1
180.96994018554688,182.357177734375,2.236806631088257,73.45486450195312,0.05596421658992767,15860223,-1
181.12652587890625,72.69723510742188,13.335352897644043,59.415069580078125,0.09173615276813507,11338497,-1
181.12652587890625,72.69723510742188,13.335352897644043,312.74224853515625,0.09173615276813507,11338497,-1
181.81439208984375,78.28201293945312,3.6650140285491943,67.17837524414062,0.060761719942092896,1442048,-1
181.87496948242188,187.17506408691406,5.448019504547119,80.221435546875,0.048999279737472534,13435392,-1
183.96612548828125,193.39273071289062,2.1628620624542236,177.96148681640625,0.02236618846654892,13435391,-1
184.77842712402344,65.89090728759766,2.2038161754608154,309.467529296875,0.04308919981122017,14811647,-1
184.8997039794922,183.10989379882812,1.95281183719635,52.39447021484375,0.047219131141901016,6029823,-1
187.85861206054688,193.1845245361328,3.449535846710205,189.79774475097656,0.054552000015974045,13763583,-1
187.86697387695312,177.82373046875,2.5349652767181396,25.28094482421875,0.05923347547650337,8192767,-1
187.91085815429688,185.99539184570312,2.1898274421691895,170.2039794921875,0.06934444606304169,14352895,-1
187.91085815429688,185.99539184570312,2.1898274421691895,321.42724609375,0.06934444606304169,14352895,-1
188.1729736328125,79.67085266113281,2.583065986633301,63.15289306640625,0.04117865860462189,9569023,-1
188.51304626464844,76.53577423095703,2.0679678916931152,66.22470092773438,0.05020132660865784,10224127,-1
188.7646484375,150.0640411376953,2.010465145111084,307.9522705078125,0.026684748008847237,8192511,-1
189.10076904296875,147.2110137939453,1.8902593851089478,308.9109802246094,0.027737082913517952,3670527,-1
189.26856994628906,70.42940521240234,1.9656223058700562,318.7240905761719,0.05320330709218979,6554111,-1
189.53990173339844,192.67788696289062,5.415769100189209,331.116455078125,0.05964667722582817,12976640,-1
190.29965209960938,202.83099365234375,1.936134934425354,138.82241821289062,0.026218952611088753,5439999,-1
191.85134887695312,169.87945556640625,3.9577717781066895,13.028106689453125,0.06640884280204773,7012608,-1
191.98973083496094,74.20331573486328,2.2102975845336914,324.4821472167969,0.0684024915099144,15008255,-1
192.01792907714844,157.39781188964844,2.0187110900878906,9.90350341796875,0.04908740520477295,8454655,-1
192.06124877929688,199.89842224121094,2.437751531600952,167.06112670898438,0.05632425472140312,5374719,-1
193.13050842285156,205.79212951660156,3.017472982406616,155.14939880371094,0.029759950935840607,4129791,-1
194.1527862548828,178.57003784179688,10.205739974975586,31.555633544921875,0.05511000007390976,8716801,-1
198.47572326660156,204.39817810058594,5.789907932281494,148.86654663085938,0.04835886135697365,1114880,-1
198.47572326660156,204.39817810058594,5.789907932281494,324.20977783203125,0.04835886135697365,1114880,-1
198.7995147705078,213.99893188476562,1.8525049686431885,139.6811065673828,0.032207243144512177,2228735,-1
199.72657775878906,198.16415405273438,2.024690628051758,320.2635803222656,0.023415204137563705,8651263,-1
200.73623657226562,204.8511962890625,2.403808355331421,342.6182556152344,0.04306981712579727,4391679,-1
204.8904266357422,165.77230834960938,2.624711751937866,300.5696105957031,0.032266441732645035,10748671,-1
205.30685424804688,218.39205932617188,2.1509149074554443,168.6015167236328,0.05606524273753166,13042175,-1
206.01458740234375,276.3407287597656,42.18522644042969,3.66192626953125,0.06078517809510231,11076099,-1
206.01458740234375,276.3407287597656,42.18522644042969,174.97520446777344,0.06078517809510231,11076099,-1
209.85079956054688,199.00228881835938,1.941748023033142,159.63040161132812,0.04194305092096329,5636607,-1
210.22145080566406,206.9514617919922,7.2369303703308105,139.74801635742188,0.04542095959186554,524545,-1
210.22145080566406,206.9514617919922,7.2369303703308105,252.96609497070312,0.04542095959186554,524545,-1
210.22145080566406,206.9514617919922,7.2369303703308105,320.21697998046875,0.04542095959186554,524545,-1
210.94012451171875,214.15090942382812,1.8857029676437378,192.64309692382812,0.04602978006005287,3539455,-1
211.88526916503906,197.15377807617188,1.9806305170059204,160.414794921875,0.07374350726604462,7078399,-1
212.68853759765625,218.7139434814453,2.103576183319092,131.7638397216797,0.057873260229825974,11469311,-1
212.7442626953125,204.00076293945312,1.9748824834823608,120.75834655761719,0.027518296614289284,6881791,-1
213.2618408203125,176.45413208007812,4.927916526794434,117.86761474609375,0.07181381434202194,6160896,-1
213.2618408203125,176.45413208007812,4.927916526794434,312.1955261230469,0.07181381434202194,6160896,-1
213.30648803710938,181.9631805419922,3.131850004196167,114.5224609375,0.02679956518113613,6816767,-1
214.63558959960938,197.72409057617188,6.2294769287109375,141.01815795898438,0.09079460799694061,6423296,-1
214.63558959960938,197.72409057617188,6.2294769287109375,314.9812927246094,0.09079460799694061,6423296,-1
215.12318420410156,231.0575714111328,3.2135281562805176,167.97776794433594,0.05125999078154564,8651775,-1
215.14456176757812,232.3306884765625,2.0233867168426514,155.48388671875,0.05124792456626892,8651263,-1
215.2274169921875,214.96229553222656,4.062009811401367,318.7023620605469,0.08033803850412369,8913152,-1
216.46676635742188,222.57589721679688,2.0942158699035645,156.0374298095703,0.06291767209768295,11141631,-1
219.098388671875,238.4449005126953,1.8310632705688477,170.71646118164062,0.06823033839464188,1376767,-1
219.18638610839844,234.91107177734375,1.8445602655410767,0.2679443359375,0.054440438747406006,1901055,-1
219.18638610839844,234.91107177734375,1.8445602655410767,176.69142150878906,0.054440438747406006,1901055,-1
219.70509338378906,191.51437377929688,1.8986377716064453,303.2673645019531,0.015877151861786842,3998207,-1
219.85157775878906,242.82102966308594,2.2417001724243164,164.83062744140625,0.026759833097457886,16056831,-1
220.22286987304688,211.2128448486328,4.188572883605957,315.39324951171875,0.019257809966802597,11141376,-1
222.2684326171875,234.31773376464844,3.0268428325653076,142.11416625976562,0.06936364620923996,4326399,-1
222.52267456054688,197.3998260498047,3.125861644744873,347.8898010253906,0.028642786666750908,6685695,-1
222.7857208251953,187.57713317871094,3.4391930103302,138.33238220214844,0.021375134587287903,13566975,-1
222.95835876464844,243.4683074951172,2.3174891471862793,132.0895233154297,0.05486468970775604,1704703,-1
224.37481689453125,210.4420166015625,1.9098920822143555,319.6794128417969,0.024868179112672806,4456959,-1
224.9990234375,318.54583740234375,2.3770358562469482,205.31240844726562,0.024882441386580467,3539711,-1
225.54693603515625,195.0388946533203,7.614753246307373,127.46548461914062,0.02440476417541504,4194561,-1
225.54693603515625,195.0388946533203,7.614753246307373,346.4533996582031,0.02440476417541504,4194561,-1
226.03138732910156,219.91806030273438,3.849503755569458,296.3815612792969,0.04535660147666931,4980992,-1
226.48941040039062,213.2036590576172,1.844436526298523,328.2115783691406,0.02149752527475357,1901055,-1
226.5435333251953,228.39874267578125,8.53985595703125,142.72581481933594,0.0841839462518692,12517633,-1
227.0167236328125,209.2216796875,2.2262864112854004,151.6583251953125,0.022867679595947266,15532543,-1
227.0167236328125,209.2216796875,2.2262864112854004,320.4158020019531,0.022867679595947266,15532543,-1
227.1580352783203,247.11053466796875,2.038867950439453,146.48983764648438,0.04954678565263748,9175551,-1
227.1580352783203,247.11053466796875,2.038867950439453,351.8499450683594,0.04954678565263748,9175551,-1
227.68772888183594,182.06130981445312,2.221775770187378,308.19061279296875,0.018801257014274597,15401471,-1
227.86744689941406,182.07720947265625,2.3450753688812256,302.26434326171875,0.01875491254031658,2556671,-1
229.09048461914062,212.64451599121094,2.1432414054870605,149.88055419921875,0.026064066216349602,12780031,-1
229.09048461914062,212.64451599121094,2.1432414054870605,327.9848327636719,0.026064066216349602,12780031,-1
229.26893615722656,320.85687255859375,4.963597297668457,103.8863525390625,0.08030639588832855,6685184,-1
229.26893615722656,320.85687255859375,4.963597297668457,231.15261840820312,0.08030639588832855,6685184,-1
229.43618774414062,218.75062561035156,2.0032050609588623,327.4272766113281,0.019425511360168457,7930367,-1
230.518310546875,251.3749237060547,1.8429869413375854,214.9168701171875,0.05306481197476387,1901055,-1
230.92523193359375,210.6378631591797,1.848826289176941,150.72174072265625,0.019437411800026894,2097663,-1
232.075439453125,272.78436279296875,14.411264419555664,189.43052673339844,0.0469045452773571,196866,-1
232.36512756347656,188.7216796875,3.2093899250030518,299.94384765625,0.06098618730902672,8586239,-1
232.571044921875,192.95721435546875,2.2555437088012695,120.46089172363281,0.029400566592812538,16450047,-1
233.57017517089844,315.5798645019531,1.8384910821914673,224.80877685546875,0.05938561633229256,1704447,-1
233.8724822998047,232.38241577148438,2.749293804168701,355.0764465332031,0.053013093769550323,14091007,-1
234.18992614746094,273.29840087890625,11.713255882263184,194.11636352539062,0.04832759127020836,1966849,-1
235.22885131835938,287.19915771484375,2.7536065578460693,132.20350646972656,0.05154308304190636,14222079,-1
235.22885131835938,287.19915771484375,2.7536065578460693,215.82762145996094,0.05154308304190636,14222079,-1
235.38682556152344,195.00277709960938,2.737473487854004,120.01364135742188,0.03019699454307556,13763327,-1
236.28221130371094,200.27725219726562,2.4862465858459473,122.72659301757812,0.01440255343914032,6816511,-1
236.4282684326172,205.6273193359375,3.2453629970550537,280.7288818359375,0.0245960783213377,9372671,-1
236.95875549316406,292.2436828613281,3.2926793098449707,163.0127716064453,0.05822594091296196,10421247,-1
237.5929412841797,246.9986572265625,4.238770961761475,52.168975830078125,0.08228129893541336,11993344,-1
237.68228149414062,278.5101318359375,4.393924713134766,203.94253540039062,0.05345049872994423,14549248,-1
238.1299591064453,324.4548645019531,2.13521146774292,102.89141845703125,0.0561196394264698,12517887,-1
238.63160705566406,234.35279846191406,2.38749098777771,330.8197326660156,0.020274698734283447,3867391,-1
238.86097717285156,196.98443603515625,2.775104522705078,119.82328796386719,0.02911715768277645,14746367,-1
239.0296630859375,217.48538208007812,3.9826645851135254,330.0008239746094,0.08146797120571136,7471360,-1
239.07296752929688,303.29742431640625,4.781071662902832,166.38833618164062,0.0692078098654747,3998208,-1
239.13746643066406,233.9641876220703,8.288321495056152,346.5890197753906,0.05665883421897888,10354945,-1
239.81069946289062,230.15158081054688,2.2281718254089355,149.11541748046875,0.02581336721777916,15598079,-1
240.4669952392578,327.4483337402344,2.2766106128692627,101.1590576171875,0.04083339124917984,459519,-1
240.51329040527344,190.4268341064453,2.2788684368133545,306.70977783203125,0.03092711977660656,525055,-1
241.36541748046875,310.41119384765625,4.8323564529418945,211.11021423339844,0.0835685282945633,4719104,-1
241.5406951904297,238.3059844970703,2.321176767349243,238.80642700195312,0.015687156468629837,1835775,-1
241.5406951904297,238.3059844970703,2.321176767349243,314.1082763671875,0.015687156468629837,1835775,-1
241.65187072753906,265.61712646484375,5.487622261047363,199.4291534423828,0.052281469106674194,13959680,-1
241.9329376220703,194.94659423828125,2.5731213092803955,118.99565124511719,0.05819571390748024,9306879,-1
241.9329376220703,194.94659423828125,2.5731213092803955,302.379638671875,0.05819571390748024,9306879,-1
241.99029541015625,244.9247283935547,2.2559096813201904,51.062255859375,0.07551313936710358,16515583,-1
242.04014587402344,316.9538269042969,2.6682839393615723,48.3619384765625,0.06873404234647751,11928319,-1
242.04014587402344,316.9538269042969,2.6682839393615723,275.30438232421875,0.06873404234647751,11928319,-1
242.04501342773438,252.62351989746094,6.068662643432617,47.654510498046875,0.0670415535569191,4522752,-1
242.04501342773438,252.62351989746094,6.068662643432617,212.7823028564453,0.0670415535569191,4522752,-1
242.7110595703125,234.7921905517578,2.2565391063690186,148.1139373779297,0.026866525411605835,16515583,-1
242.7110595703125,234.7921905517578,2.2565391063690186,325.2476806640625,0.026866525411605835,16515583,-1
243.0260772705078,296.5362243652344,5.35432767868042,164.17991638183594,0.0527438223361969,12190208,-1
243.51304626464844,199.0247802734375,2.000257730484009,118.07302856445312,0.02753044292330742,7799295,-1
243.92669677734375,246.63143920898438,1.903708815574646,53.366790771484375,0.05187342315912247,4194815,-1
244.64280700683594,265.8719177246094,2.0599515438079834,160.3878936767578,0.05274558812379837,9896447,-1
244.64280700683594,265.8719177246094,2.0599515438079834,211.2019500732422,0.05274558812379837,9896447,-1
244.97401428222656,215.15945434570312,5.305843353271484,329.0317687988281,0.05072539299726486,11534848,-1
245.36634826660156,197.00271606445312,2.438558340072632,112.34906005859375,0.0633372887969017,5440255,-1
245.36634826660156,197.00271606445312,2.438558340072632,314.7716064453125,0.0633372887969017,5440255,-1
245.40216064453125,238.91720581054688,2.114408254623413,226.64251708984375,0.05918825790286064,11796991,-1
245.55450439453125,328.5458679199219,2.3860926628112793,100.52792358398438,0.04168514534831047,3867391,-1
245.92604064941406,230.857421875,2.1630606651306152,141.11924743652344,0.02599920704960823,13435391,-1
245.9430389404297,263.3631286621094,1.91970956325531,158.42222595214844,0.063725046813488,4850175,-1
246.40896606445312,318.0520935058594,1.9088226556777954,278.694091796875,0.045411866158246994,4391423,-1
247.0852508544922,132.5305938720703,1.8271766901016235,187.31787109375,0.02683163248002529,1245695,-1
247.14309692382812,315.42254638671875,5.683985233306885,113.17886352539062,0.10547077655792236,16515584,-1
247.14309692382812,315.42254638671875,5.683985233306885,278.8752136230469,0.10547077655792236,16515584,-1
247.43809509277344,223.660888671875,1.9175742864608765,321.0306396484375,0.0467693954706192,4719103,-1
248.53271484375,239.56857299804688,1.8847168684005737,39.5635986328125,0.08631233870983124,3473919,-1
248.64041137695312,256.499755859375,4.072484016418457,218.54864501953125,0.07443840056657791,9109760,-1
250.4576873779297,231.658447265625,2.7013494968414307,322.79473876953125,0.07598616182804108,12845823,-1
250.57489013671875,211.39988708496094,3.0747532844543457,142.3230743408203,0.08222717046737671,5440511,-1
250.7423095703125,258.020263671875,2.507728338241577,353.7704772949219,0.07309276610612869,7406335,-1
250.81195068359375,247.77163696289062,1.914136290550232,240.13450622558594,0.03793717175722122,4588031,-1
251.78707885742188,326.44329833984375,2.192293882369995,99.59896850585938,0.04408879205584526,14418431,-1
252.56399536132812,281.0863342285156,2.111276388168335,52.80072021484375,0.04963427782058716,11731455,-1
252.96250915527344,277.2287902832031,2.038867712020874,59.9049072265625,0.02483755350112915,9175551,-1
256.6129150390625,205.28790283203125,1.916284441947937,142.5057373046875,0.07892773300409317,4719103,-1
256.6129150390625,205.28790283203125,1.916284441947937,299.9573669433594,0.07892773300409317,4719103,-1
257.02008056640625,248.2544708251953,2.0474138259887695,110.33988952636719,0.09318690001964569,9503231,-1
258.0085144042969,132.41444396972656,10.00438404083252,112.33702087402344,0.1035127267241478,7275009,-1
258.0085144042969,132.41444396972656,10.00438404083252,267.15399169921875,0.1035127267241478,7275009,-1
258.5111389160156,203.4745635986328,1.830972671508789,301.19927978515625,0.02773950807750225,1376767,-1
259.71490478515625,257.02325439453125,2.7392666339874268,216.46844482421875,0.04798901453614235,13828863,-1
260.09967041015625,303.39306640625,2.5112273693084717,309.0268249511719,0.027300486341118813,7537407,-1
260.7540588378906,252.84396362304688,2.0027856826782227,157.9994354248047,0.07148285955190659,7864831,-1
260.7540588378906,252.84396362304688,2.0027856826782227,242.49168395996094,0.07148285955190659,7864831,-1
261.0957336425781,205.42852783203125,1.9512996673583984,308.5710144042969,0.0303639005869627,6029823,-1
261.12188720703125,288.0810241699219,8.15583324432373,42.71002197265625,0.021472908556461334,9175297,-1
261.27960205078125,234.44927978515625,2.038797378540039,15.47784423828125,0.07323528826236725,9175551,-1
261.27960205078125,234.44927978515625,2.038797378540039,73.034423828125,0.07323528826236725,9175551,-1
261.2881774902344,230.3328094482422,2.264815330505371,255.78135681152344,0.015210820361971855,66303,-1
261.92840576171875,245.97341918945312,2.1322693824768066,249.59815979003906,0.06070901080965996,12386815,-1
261.92840576171875,245.97341918945312,2.1322693824768066,277.5106201171875,0.06070901080965996,12386815,-1
262.1641845703125,210.15504455566406,3.311314344406128,299.3049011230469,0.06773751974105835,10814463,-1
262.5044860839844,274.0343322753906,1.8331924676895142,14.520416259765625,0.028570743277668953,1507839,-1
262.5725402832031,128.02053833007812,2.6170411109924316,270.86505126953125,0.0393868125975132,10552063,-1
262.66851806640625,226.7798614501953,2.2854628562927246,146.48321533203125,0.02092563360929489,721663,-1
262.66851806640625,226.7798614501953,2.2854628562927246,213.9527587890625,0.02092563360929489,721663,-1
262.9336853027344,213.60580444335938,2.4061715602874756,107.8507080078125,0.043220989406108856,4457215,-1
263.01416015625,249.69973754882812,3.224069356918335,255.26116943359375,0.05350543558597565,8913919,-1
263.3267517089844,263.9027404785156,3.3833014965057373,62.944671630859375,0.014375404454767704,12387327,-1
263.3267517089844,263.9027404785156,3.3833014965057373,290.61993408203125,0.014375404454767704,12387327,-1
263.4477844238281,287.41302490234375,1.7984066009521484,339.9267272949219,0.015797924250364304,131583,-1
263.59979248046875,327.3752136230469,2.557605266571045,35.120391845703125,0.032572340220212936,8848127,-1
265.1208190917969,270.5179443359375,1.9660199880599976,299.548828125,0.024869855493307114,6554111,-1
265.82135009765625,208.325439453125,2.458550453186035,292.0185852050781,0.039803192019462585,6030079,-1
265.8766784667969,211.65859985351562,2.603065013885498,116.41426086425781,0.07119710743427277,10158847,-1
265.8766784667969,211.65859985351562,2.603065013885498,290.9147644042969,0.07119710743427277,10158847,-1
266.2237548828125,194.9822998046875,2.480726480484009,113.77398681640625,0.09220960736274719,6685439,-1
266.2237548828125,194.9822998046875,2.480726480484009,260.19952392578125,0.09220960736274719,6685439,-1
266.6880798339844,287.0235900878906,42.98824691772461,113.925048828125,0.09698963910341263,12452355,-1
266.6880798339844,287.0235900878906,42.98824691772461,176.56246948242188,0.09698963910341263,12452355,-1
267.2331237792969,250.2999267578125,8.016728401184082,334.03472900390625,0.07273192703723907,7930113,-1
268.4056701660156,152.0558319091797,13.571639060974121,122.72222900390625,0.060486432164907455,12583681,-1
268.4056701660156,152.0558319091797,13.571639060974121,176.85400390625,0.060486432164907455,12583681,-1
268.46551513671875,351.26800537109375,2.349810838699341,215.01686096191406,0.042742419987916946,2753279,-1
268.7107849121094,191.99169921875,2.4718871116638184,202.2734832763672,0.05947277694940567,6423295,-1
268.7107849121094,191.99169921875,2.4718871116638184,260.8004150390625,0.05947277694940567,6423295,-1
268.8348083496094,242.4363250732422,2.071019172668457,268.34552001953125,0.032860998064279556,10289663,-1
268.9715881347656,141.218505859375,1.900553584098816,130.3955841064453,0.053000468760728836,4063743,-1
269.4006652832031,299.3856201171875,2.945528745651245,229.34181213378906,0.04096309095621109,2360319,-1
270.80987548828125,246.80374145507812,3.7141354084014893,3.44415283203125,0.08876771479845047,2425088,-1
270.83856201171875,235.59039306640625,20.872060775756836,261.8078308105469,0.05696115270256996,10289666,-1
270.85565185546875,255.0825653076172,3.4844131469726562,5.247528076171875,0.05059220641851425,14484479,-1
270.85565185546875,255.0825653076172,3.4844131469726562,339.114013671875,0.05059220641851425,14484479,-1
270.9149475097656,199.2165985107422,2.3738625049591064,103.5361328125,0.037738822400569916,3474175,-1
271.4986877441406,135.9021453857422,2.1961755752563477,11.69891357421875,0.026890678331255913,14549503,-1
271.4986877441406,135.9021453857422,2.1961755752563477,204.81448364257812,0.026890678331255913,14549503,-1
271.60247802734375,279.0710144042969,2.392498016357422,161.90553283691406,0.04937367886304855,4063999,-1
271.8194580078125,353.35028076171875,4.6387739181518555,24.7203369140625,0.11031227558851242,1769984,-1
271.8194580078125,353.35028076171875,4.6387739181518555,216.78948974609375,0.11031227558851242,1769984,-1
271.88836669921875,294.3166198730469,2.4492504596710205,27.385894775390625,0.05554451420903206,5702399,-1
272.4387512207031,213.32801818847656,2.0614898204803467,310.70947265625,0.05805869400501251,9961983,-1
272.4432678222656,260.93408203125,1.9604253768920898,328.56561279296875,0.04506765305995941,6357503,-1
272.6199035644531,190.263916015625,2.708024501800537,193.37646484375,0.05019041895866394,12976895,-1
273.208251953125,132.3814697265625,2.2358713150024414,31.165191650390625,0.020966343581676483,15860223,-1
273.208251953125,132.3814697265625,2.2358713150024414,224.10244750976562,0.020966343581676483,15860223,-1
274.8435974121094,270.3990478515625,7.807332515716553,278.28948974609375,0.024116862565279007,6029569,-1
275.4034423828125,320.9658203125,13.002140998840332,69.7685546875,0.0867551639676094,9503489,-1
275.4034423828125,320.9658203125,13.002140998840332,152.44403076171875,0.0867551639676094,9503489,-1
275.7168884277344,135.08897399902344,2.920600652694702,223.2877655029297,0.017153697088360786,1770495,-1
275.92340087890625,353.9441833496094,2.0823514461517334,20.00384521484375,0.0383915975689888,10682879,-1
276.4263610839844,196.85455322265625,1.8471126556396484,26.395599365234375,0.0725615993142128,2032127,-1
276.49169921875,259.3152770996094,5.195886135101318,202.1462860107422,0.09514166414737701,9961984,-1
276.49169921875,259.3152770996094,5.195886135101318,347.4601745605469,0.09514166414737701,9961984,-1
277.7265319824219,153.56854248046875,2.4451663494110107,180.27162170410156,0.051748521625995636,5636863,-1
279.4425048828125,197.1900177001953,2.052427053451538,281.0680236816406,0.09395655244588852,9634303,-1
279.67474365234375,192.89862060546875,3.4338715076446533,15.56573486328125,0.052752941846847534,13435903,-1
280.48358154296875,218.2632598876953,2.5377633571624756,159.31781005859375,0.05792335793375969,8323839,-1
280.48358154296875,218.2632598876953,2.5377633571624756,300.4821472167969,0.05792335793375969,8323839,-1
281.01312255859375,154.92262268066406,2.510371685028076,187.0765838623047,0.04981910437345505,7537407,-1
281.0834045410156,284.1012878417969,6.214822292327881,2.2081298828125,0.030189644545316696,6226688,-1
281.84124755859375,202.4178009033203,2.3396482467651367,209.9183807373047,0.05469353497028351,2425599,-1
282.50775146484375,206.83013916015625,1.9595749378204346,165.682373046875,0.10177043080329895,6291967,-1
282.50775146484375,206.83013916015625,1.9595749378204346,205.6155548095703,0.10177043080329895,6291967,-1
282.6731262207031,213.3168487548828,1.9124418497085571,153.91348266601562,0.06665463745594025,4522495,-1
282.8747863769531,226.7033233642578,2.507260799407959,132.57017517089844,0.0514334999024868,7406335,-1
284.59088134765625,173.17648315429688,3.293128252029419,22.33172607421875,0.06157295033335686,10421247,-1
284.59088134765625,173.17648315429688,3.293128252029419,80.55792236328125,0.06157295033335686,10421247,-1
284.980224609375,284.8310546875,2.431511402130127,356.2696228027344,0.03148502856492996,5178111,-1
285.3790588378906,213.65628051757812,1.8385823965072632,17.61468505859375,0.06043682247400284,1704447,-1
285.53076171875,129.59043884277344,2.1938960552215576,271.36236572265625,0.040363989770412445,14483967,-1
286.0070495605469,144.24107360839844,3.839754581451416,112.39013671875,0.07597427070140839,4849920,-1
286.0070495605469,144.24107360839844,3.839754581451416,292.31317138671875,0.07597427070140839,4849920,-1
286.33087158203125,155.4596710205078,1.992793321609497,105.99137878417969,0.03149869665503502,7537151,-1
286.33087158203125,155.4596710205078,1.992793321609497,206.20355224609375,0.03149869665503502,7537151,-1
286.4859313964844,161.7353973388672,13.357574462890625,34.665283203125,0.08463605493307114,11469569,-1
286.4859313964844,161.7353973388672,13.357574462890625,178.45462036132812,0.08463605493307114,11469569,-1
286.9438171386719,140.85281372070312,1.8954375982284546,111.67184448242188,0.03584814816713333,3932671,-1
287.086669921875,282.0267333984375,2.0784220695495605,77.92474365234375,0.08789953589439392,10551807,-1
287.23046875,287.6368713378906,1.8507922887802124,280.02899169921875,0.07558368891477585,2163199,-1
287.4208984375,217.09996032714844,2.6379575729370117,17.87286376953125,0.03314097225666046,11076351,-1
288.27362060546875,209.53143310546875,1.8965948820114136,117.34371948242188,0.05211368203163147,3932671,-1
288.27362060546875,209.53143310546875,1.8965948820114136,358.3328857421875,0.05211368203163147,3932671,-1
288.3719787597656,331.66522216796875,2.7361104488372803,142.8109588623047,0.07473031431436539,13763327,-1
288.9405212402344,334.5372619628906,4.805891513824463,138.24273681640625,0.06859142333269119,4325888,-1
290.3837585449219,283.717041015625,5.932741165161133,65.65478515625,0.08369333297014236,2884352,-1
290.3837585449219,283.717041015625,5.932741165161133,279.44866943359375,0.08369333297014236,2884352,-1
290.9808349609375,170.38267517089844,2.44287371635437,68.71762084960938,0.05157328024506569,5571327,-1
291.1629943847656,142.58338928222656,26.052671432495117,276.45281982421875,0.09191783517599106,9634562,-1
291.3654479980469,182.32774353027344,13.413507461547852,239.25845336914062,0.07397507131099701,11731713,-1
291.6550598144531,279.31182861328125,2.0099847316741943,89.83004760742188,0.05147089436650276,8126975,-1
292.19451904296875,331.5210266113281,2.3996355533599854,145.27850341796875,0.040399424731731415,4260607,-1
292.9703063964844,152.7928924560547,3.193842649459839,23.92132568359375,0.04945990815758705,8193023,-1
293.6250915527344,305.8564453125,20.222736358642578,355.43121337890625,0.06085623800754547,7995906,-1
294.51910400390625,277.5225524902344,4.166317939758301,21.203277587890625,0.06738283485174179,10748160,-1
294.73834228515625,216.27687072753906,9.464580535888672,200.45648193359375,0.08726473152637482,3211777,-1
294.82525634765625,156.59011840820312,2.739391803741455,24.02032470703125,0.09077752381563187,13828863,-1
294.82525634765625,156.59011840820312,2.739391803741455,300.7846374511719,0.09077752381563187,13828863,-1
295.156005859375,160.636474609375,2.6674840450286865,5.70587158203125,0.07925866544246674,11928319,-1
295.156005859375,160.636474609375,2.6674840450286865,298.2574462890625,0.07925866544246674,11928319,-1
296.8040771484375,150.38084411621094,2.56160044670105,84.43020629882812,0.10375358909368515,8979199,-1
296.9006652832031,239.8236083984375,2.9427413940429688,307.0270080566406,0.04044823348522186,2294783,-1
298.1392517089844,343.44049072265625,1.85800302028656,134.82919311523438,0.043217942118644714,2425343,-1
298.33544921875,226.0167236328125,4.181571960449219,216.10533142089844,0.07244429737329483,11010304,-1
298.58319091796875,314.3272705078125,2.317103385925293,36.961395263671875,0.04658251628279686,1704703,-1
299.1175842285156,276.0594177246094,2.093797445297241,4.825775146484375,0.08219479769468307,11076095,-1
299.92529296875,313.41961669921875,2.0116193294525146,39.230804443359375,0.04652273654937744,8192511,-1
300.1664123535156,198.14405822753906,13.592020034790039,237.0501708984375,0.07549776881933212,12714753,-1
300.1742858886719,319.3841552734375,1.8993929624557495,344.65484619140625,0.06134355068206787,4063743,-1
300.49560546875,269.97760009765625,3.2035865783691406,7.185028076171875,0.07307541370391846,8455167,-1
301.50225830078125,215.4236297607422,3.2357029914855957,218.380615234375,0.07034572213888168,9176063,-1
302.157470703125,236.24827575683594,6.411311626434326,124.04840087890625,0.05864584073424339,8454912,-1
302.157470703125,236.24827575683594,6.411311626434326,301.56097412109375,0.05864584073424339,8454912,-1
304.0411376953125,246.32168579101562,5.300786018371582,24.739532470703125,0.0621119886636734,11469312,-1
304.5450439453125,283.6971740722656,2.5623056888580322,263.3677978515625,0.019759798422455788,8979199,-1
304.8130187988281,320.24072265625,2.1763288974761963,30.484619140625,0.09739170223474503,13894143,-1
304.9233703613281,309.3993225097656,3.2766952514648438,10.3267822265625,0.045599315315485,10093567,-1
304.9233703613281,309.3993225097656,3.2766952514648438,59.9052734375,0.045599315315485,10093567,-1
305.605712890625,251.67832946777344,2.2507131099700928,30.601043701171875,0.06099012494087219,16318975,-1
306.192138671875,297.13665771484375,3.0719993114471436,19.23931884765625,0.04301304742693901,5374975,-1
306.71240234375,263.66131591796875,10.446551322937012,13.67376708984375,0.07252521812915802,10355201,-1
306.74493408203125,290.98736572265625,5.282021522521973,16.422088623046875,0.08382784575223923,11207168,-1
308.20050048828125,330.8211364746094,2.09493350982666,359.2468566894531,0.061138372868299484,11141631,-1
308.25927734375,308.52069091796875,1.8986519575119019,14.22381591796875,0.07217632234096527,3998207,-1
308.3494567871094,202.1383056640625,4.76007080078125,22.230682373046875,0.04407138749957085,3670528,-1
308.5392150878906,258.7265319824219,1.903200387954712,126.71066284179688,0.0164736807346344,4194815,-1
308.8340148925781,352.18231201171875,2.026275873184204,120.98310852050781,0.045519858598709106,8716799,-1
308.9350280761719,205.97694396972656,2.2623586654663086,19.282958984375,0.0483473539352417,16712191,-1
309.0755920410156,165.08236694335938,18.59649085998535,41.627227783203125,0.06568203121423721,1966594,-1
310.3603820800781,202.05923461914062,1.9547566175460815,20.66363525390625,0.04591841995716095,6160895,-1
310.6197204589844,278.0309753417969,4.142907619476318,96.1273193359375,0.0479765422642231,10354944,-1
310.6197204589844,278.0309753417969,4.142907619476318,142.0451202392578,0.0479765422642231,10354944,-1
310.6197204589844,278.0309753417969,4.142907619476318,267.92333984375,0.0479765422642231,10354944,-1
310.955810546875,316.7801818847656,5.149933815002441,327.90338134765625,0.050487544387578964,9372160,-1
311.0780029296875,334.4803161621094,1.9284915924072266,290.9155578613281,0.0587528757750988,5177855,-1
311.81756591796875,283.4815979003906,2.871256113052368,266.8936462402344,0.021831579506397247,525311,-1
311.86859130859375,236.36654663085938,2.5740010738372803,53.32720947265625,0.07024269551038742,9306879,-1
311.9491882324219,232.82583618164062,6.232297897338867,53.204925537109375,0.070550836622715,6423296,-1
312.6154479980469,275.916748046875,1.9301341772079468,94.31527709960938,0.06085185334086418,5243391,-1
313.1227722167969,243.5487060546875,2.3303911685943604,310.9062805175781,0.03722536563873291,2163455,-1
313.3370056152344,297.52740478515625,2.002429723739624,55.5189208984375,0.013844212517142296,7864831,-1
313.4749755859375,270.97857666015625,2.4362263679504395,268.94378662109375,0.052700869739055634,5374719,-1
314.0873107910156,300.70989990234375,8.758004188537598,8.79010009765625,0.060366079211235046,14352641,-1
314.4478759765625,204.18711853027344,5.632605075836182,22.588531494140625,0.08523928374052048,15860224,-1
314.4478759765625,204.18711853027344,5.632605075836182,250.33563232421875,0.08523928374052048,15860224,-1
314.5722961425781,198.64007568359375,2.0695950984954834,31.66412353515625,0.044881049543619156,10289663,-1
314.720947265625,239.12489318847656,3.668170690536499,51.77838134765625,0.04662918671965599,1507584,-1
315.02783203125,324.6587829589844,2.2389142513275146,313.9804382324219,0.033630214631557465,15925759,-1
315.21282958984375,222.05349731445312,16.967622756958008,63.4918212890625,0.0791335254907608,12058882,-1
316.1329650878906,232.44166564941406,2.141382932662964,48.056488037109375,0.046221744269132614,12714495,-1
316.5684509277344,130.49188232421875,2.529120922088623,298.7019958496094,0.024122172966599464,8061695,-1
316.68206787109375,145.48974609375,1.9390385150909424,62.438568115234375,0.06380166858434677,5571071,-1
316.6860656738281,318.6192932128906,1.8700345754623413,46.2620849609375,0.018642311915755272,2949631,-1
316.6860656738281,318.6192932128906,1.8700345754623413,218.87557983398438,0.018642311915755272,2949631,-1
317.1112976074219,288.7755432128906,2.121371269226074,167.36070251464844,0.06288046389818192,12059135,-1
317.4773864746094,256.1519470214844,2.56299090385437,291.201171875,0.02275058999657631,9044735,-1
320.42437744140625,266.0082092285156,3.5089805126190186,201.11044311523438,0.055957093834877014,15008767,-1
320.47320556640625,287.38922119140625,2.534423828125,316.8580627441406,0.050148263573646545,8192767,-1
320.5871276855469,279.90411376953125,4.009083271026611,85.82028198242188,0.04193499684333801,7930112,-1
320.6488037109375,198.7898712158203,9.906340599060059,259.43267822265625,0.08861814439296722,6554113,-1
320.9914245605469,341.4422607421875,1.9750986099243164,279.411865234375,0.04908844828605652,6881791,-1
320.9914245605469,341.4422607421875,1.9750986099243164,325.229248046875,0.04908844828605652,6881791,-1
321.0369873046875,234.0270538330078,5.156177043914795,52.895263671875,0.05850726366043091,9437696,-1
321.1303405761719,315.2922668457031,1.8418251276016235,93.00576782226562,0.033871155232191086,1835519,-1
322.99359130859375,230.5921173095703,2.2097928524017334,59.8685302734375,0.052850864827632904,15008255,-1
324.5282897949219,292.8756408691406,2.4798691272735596,188.07638549804688,0.06328901648521423,6619903,-1
324.5282897949219,292.8756408691406,2.4798691272735596,358.8593444824219,0.06328901648521423,6619903,-1
325.1926574707031,185.9564666748047,2.102477788925171,56.8087158203125,0.05580101162195206,11403775,-1
325.7951965332031,298.0913391113281,4.552488327026367,110.79425048828125,0.042101405560970306,459264,-1
325.8265380859375,274.53955078125,4.0042643547058105,101.07266235351562,0.04541969671845436,7864576,-1
325.92095947265625,261.18475341796875,3.8846275806427,241.62261962890625,0.04408063367009163,5636352,-1
326.2928466796875,311.09307861328125,1.8324979543685913,283.5123291015625,0.045075781643390656,1442303,-1
326.9801330566406,332.4203186035156,2.1512515544891357,291.73773193359375,0.029901426285505295,13042175,-1
327.717529296875,303.3116760253906,2.1792006492614746,104.58612060546875,0.027175765484571457,13959679,-1
329.5598449707031,357.4597473144531,2.207224130630493,99.72970581054688,0.058687251061201096,14942719,-1
331.43182373046875,321.19403076171875,1.8248709440231323,20.257232666015625,0.01634393446147442,1180159,-1
331.47625732421875,185.18524169921875,2.1675355434417725,59.794036865234375,0.0410904623568058,13631999,-1
331.51055908203125,253.0793914794922,1.895890474319458,113.53158569335938,0.02317104861140251,3932671,-1
332.25897216796875,249.56260681152344,3.5707931518554688,306.19146728515625,0.0796746015548706,16319487,-1
332.3626708984375,342.2272033691406,3.607555389404297,282.31597900390625,0.07881465554237366,327936,-1
333.2212219238281,320.4216003417969,24.271007537841797,132.918701171875,0.08139476925134659,4522754,-1
333.5023498535156,343.4068908691406,1.8530491590499878,187.84751892089844,0.08406654000282288,2294271,-1
333.5023498535156,343.4068908691406,1.8530491590499878,272.88922119140625,0.08406654000282288,2294271,-1
333.6373596191406,357.95745849609375,2.0397229194641113,95.1143798828125,0.058953411877155304,9175551,-1
335.4121398925781,333.74591064453125,3.957052230834961,268.25439453125,0.039790209382772446,7012608,-1
336.2302551269531,312.06170654296875,2.051786184310913,277.62890625,0.04542485997080803,9634303,-1
337.866455078125,259.6581726074219,4.204809188842773,292.3105773925781,0.05945614352822304,11403520,-1
337.98919677734375,271.2015075683594,9.071524620056152,299.9147644042969,0.0879758968949318,197121,-1
339.27801513671875,305.8110656738281,7.725450038909912,131.65399169921875,0.0630139485001564,5243137,-1
340.3271484375,306.48248291015625,2.115579605102539,147.7340850830078,0.017430497333407402,11862527,-1
341.97637939453125,337.4391784667969,1.9496246576309204,261.28729248046875,0.052969787269830704,5964287,-1
342.3644104003906,286.4631042480469,2.8952066898345947,261.1744689941406,0.051039520651102066,1115135,-1
343.221923828125,257.46966552734375,2.2649967670440674,120.64247131347656,0.07796093076467514,66303,-1
343.42724609375,332.823974609375,5.427801609039307,255.79733276367188,0.055082693696022034,13173248,-1
343.85235595703125,357.6100158691406,2.040864944458008,80.44976806640625,0.05999220162630081,9241087,-1
344.623046875,274.74566650390625,4.145080089569092,85.21551513671875,0.07776711881160736,10354944,-1
346.7635498046875,225.57223510742188,2.1495487689971924,99.78268432617188,0.05234604701399803,12976639,-1
347.316650390625,268.6173400878906,2.5043818950653076,319.326904296875,0.07198382914066315,7340799,-1
347.4045715332031,168.59510803222656,5.063473701477051,257.6720275878906,0.034360822290182114,8126976,-1
348.206787109375,227.8243408203125,5.336089611053467,102.2811279296875,0.052403099834918976,11928064,-1
348.33612060546875,356.4813537597656,2.6175734996795654,74.75506591796875,0.05748657509684563,10552063,-1
348.4640808105469,295.6693115234375,2.4430367946624756,358.9288635253906,0.015067419968545437,5571327,-1
348.9100646972656,293.9090576171875,16.084211349487305,130.63926696777344,0.08766414225101471,8192258,-1
348.9100646972656,293.9090576171875,16.084211349487305,311.6761474609375,0.08766414225101471,8192258,-1
349.3136291503906,280.4759826660156,2.564647912979126,194.50314331054688,0.0754932165145874,9044735,-1
349.3136291503906,280.4759826660156,2.564647912979126,271.77301025390625,0.0754932165145874,9044735,-1
350.33563232421875,275.5962219238281,3.603419065475464,4.6671142578125,0.0863063782453537,262400,-1
350.33563232421875,275.5962219238281,3.603419065475464,222.4729766845703,0.0863063782453537,262400,-1
350.35137939453125,309.3677978515625,2.066053628921509,115.76103210449219,0.07498824596405029,10158591,-1
351.006103515625,323.5887451171875,15.04551887512207,238.9497528076172,0.08057300746440887,3342594,-1
351.1000671386719,311.3872375488281,3.8880207538604736,104.69021606445312,0.07877872884273529,5701888,-1
351.5549011230469,241.10342407226562,2.0506460666656494,13.368804931640625,0.01802164874970913,9568767,-1
351.9628601074219,330.8037414550781,4.253081321716309,243.61764526367188,0.058926865458488464,12189952,-1
352.692626953125,268.6414794921875,1.8901547193527222,99.92373657226562,0.06044444814324379,3670527,-1
352.9581604003906,257.0614013671875,8.277572631835938,298.56549072265625,0.025562960654497147,10223873,-1
353.4090881347656,215.69082641601562,1.9174879789352417,60.50225830078125,0.01855972409248352,4719103,-1
353.571533203125,168.49008178710938,2.3750035762786865,257.799560546875,0.0419156439602375,3474175,-1
353.82208251953125,178.635498046875,2.4841620922088623,78.260009765625,0.036263857036828995,6750975,-1
354.7066650390625,275.1143798828125,2.509317398071289,194.8924560546875,0.09891778230667114,7471871,-1
354.7066650390625,275.1143798828125,2.509317398071289,333.2745361328125,0.09891778230667114,7471871,-1
354.8791198730469,282.34942626953125,7.839674472808838,323.357421875,0.0620248019695282,6291713,-1
354.9215393066406,308.0577392578125,3.3289620876312256,107.70921325683594,0.07121029496192932,11207679,-1
355.86859130859375,312.85400390625,3.299757480621338,106.75689697265625,0.07090850174427032,10552319,-1
356.1190185546875,172.70423889160156,6.184999465942383,70.66043090820312,0.0927945077419281,5899008,-1
356.1190185546875,172.70423889160156,6.184999465942383,259.78753662109375,0.0927945077419281,5899008,-1
356.5975646972656,226.06285095214844,2.5701904296875,117.5604248046875,0.06057818979024887,9241343,-1
358.002685546875,300.94866943359375,1.9139097929000854,358.72235107421875,0.04001029208302498,4588031,-1
359.18145751953125,261.92877197265625,1.8506189584732056,212.03028869628906,0.015745364129543304,2163199,-1
359.51898193359375,323.0632629394531,7.994148254394531,229.37330627441406,0.08090449869632721,7733505,-1
359.9122619628906,279.6942443847656,1.941388726234436,302.36517333984375,0.06390195339918137,5636607,-1
359.9198913574219,304.44036865234375,1.8689279556274414,304.998291015625,0.05363686382770538,2884095,-1
359.9852294921875,289.56683349609375,1.9524366855621338,334.19378662109375,0.06577227264642715,6029823,-1
360.02154541015625,175.58811950683594,1.9671566486358643,70.64947509765625,0.04978373646736145,6619647,-1
360.14031982421875,227.96771240234375,2.798118829727173,122.82699584960938,0.07360641658306122,15336191,-1
360.34442138671875,283.3376159667969,2.895324468612671,306.7095642089844,0.07716043293476105,1115135,-1
360.4627685546875,313.5186767578125,2.6799981594085693,113.00204467773438,0.0738392025232315,12255999,-1
361.9671630859375,168.23269653320312,2.9518818855285645,288.81561279296875,0.03277347981929779,2491391,-1
362.2441711425781,302.1578369140625,2.489300489425659,268.3291931152344,0.08431006968021393,6882047,-1
362.3880920410156,222.4112091064453,3.6747944355010986,126.14971923828125,0.0817205086350441,1638656,-1
362.41802978515625,233.66819763183594,2.094667673110962,129.67953491210938,0.047323357313871384,11141631,-1
362.9236755371094,276.5782470703125,6.692276954650879,320.3244323730469,0.05623771995306015,11600640,-1
363.0451965332031,230.3565216064453,2.4392032623291016,129.20843505859375,0.08025472611188889,5440255,-1
363.6944885253906,205.991455078125,2.2120745182037354,299.5897521972656,0.03722571209073067,15073791,-1
363.7818298339844,287.84710693359375,3.763124465942383,338.33349609375,0.0834677591919899,3342592,-1
364.5826416015625,304.41448974609375,1.7988361120224,266.35028076171875,0.06143658235669136,131583,-1
364.6615905761719,316.8345947265625,1.8975569009780884,88.68084716796875,0.05968806520104408,3998207,-1
364.8193359375,232.11000061035156,2.151695489883423,130.30418395996094,0.07793302834033966,13042175,-1
365.0157165527344,348.5484313964844,2.127950668334961,56.897918701171875,0.0496441014111042,12255743,-1
365.9136962890625,309.3657531738281,6.926685333251953,133.29591369628906,0.051551640033721924,14091008,-1
366.4271240234375,238.01170349121094,2.4807369709014893,142.18490600585938,0.048204902559518814,6685439,-1
366.60589599609375,319.544677734375,3.007838487625122,216.54005432128906,0.08656533807516098,3867647,-1
366.6831970214844,299.1131591796875,1.9335898160934448,100.26699829101562,0.07083483040332794,5374463,-1
366.94189453125,238.04641723632812,2.0075876712799072,142.5973358154297,0.04852469265460968,8061439,-1
367.002197265625,319.22955322265625,2.716794013977051,87.7213134765625,0.08690986782312393,13239039,-1
367.002197265625,319.22955322265625,2.716794013977051,216.39186096191406,0.08690986782312393,13239039,-1
367.4327697753906,302.30523681640625,2.040555715560913,272.11004638671875,0.09757480025291443,9241087,-1
367.625244140625,234.51161193847656,2.599992513656616,138.02735900878906,0.08156746625900269,10027775,-1
368.83087158203125,296.3950500488281,4.844573497772217,7.2000732421875,0.03685246407985687,4915712,-1
369.4630126953125,307.1248779296875,4.098990440368652,272.2191162109375,0.05199919268488884,9568512,-1
369.4630126953125,307.1248779296875,4.098990440368652,320.272705078125,0.05199919268488884,9568512,-1
369.6162109375,242.2274169921875,2.3263094425201416,143.2494354248047,0.04720783978700638,2032383,-1
371.1386413574219,274.4809875488281,1.8116044998168945,147.30191040039062,0.027940187603235245,655871,-1
371.2091369628906,279.58465576171875,16.65626335144043,188.90087890625,0.07035297900438309,10682626,-1
371.5952453613281,239.3748321533203,2.8004932403564453,144.0535888671875,0.07743264734745026,15401727,-1
371.6225280761719,290.7337951660156,2.2213423252105713,348.3851623535156,0.05247919261455536,15401471,-1
371.95745849609375,346.6261901855469,2.0795984268188477,49.540771484375,0.04359003156423569,10617343,-1
374.1608581542969,242.9819793701172,3.0560290813446045,149.16213989257812,0.07952294498682022,5047295,-1
374.6897277832031,251.6484375,2.386571168899536,156.5316619873047,0.04828222468495369,3867391,-1
374.77496337890625,306.2020568847656,1.9914171695709229,201.44940185546875,0.0661710873246193,7471615,-1
374.97515869140625,300.3910217285156,6.4605536460876465,198.93438720703125,0.08524423837661743,9044736,-1
375.5041809082031,246.0348663330078,2.4898812770843506,151.1953582763672,0.07204730808734894,6947583,-1
376.3427734375,256.36474609375,2.567979574203491,162.93490600585938,0.04563724622130394,9175807,-1
376.4496154785156,301.9018249511719,2.2310330867767334,201.49496459960938,0.05043806880712509,15663615,-1
377.49359130859375,249.43077087402344,2.991777181625366,156.79061889648438,0.0757705345749855,3474431,-1
377.7516784667969,239.5543670654297,3.782257556915283,147.92214965820312,0.07445191591978073,3735808,-1
377.89752197265625,261.8233947753906,2.5004231929779053,167.09759521484375,0.049472276121377945,7209727,-1
378.7742004394531,254.3971710205078,2.02966570854187,160.494384765625,0.07074287533760071,8847871,-1
378.7845458984375,289.60443115234375,3.9560277462005615,189.07598876953125,0.06697182357311249,7012608,-1
380.3286437988281,257.395263671875,2.509556531906128,163.2634735107422,0.0791662186384201,7471871,-1
380.8428039550781,261.3025207519531,2.32704496383667,168.59742736816406,0.061356980353593826,2032383,-1
381.01220703125,332.9394836425781,2.1414597034454346,34.634521484375,0.04455805569887161,12714495,-1
381.6658935546875,266.2945861816406,2.173400402069092,170.26939392089844,0.05203148350119591,13828607,-1
381.955078125,246.87791442871094,3.975933790206909,154.11392211914062,0.07740394026041031,7340288,-1
382.5769958496094,248.889892578125,2.107651710510254,233.60342407226562,0.08411933481693268,11600383,-1
385.5025329589844,249.460693359375,1.8274033069610596,201.69654846191406,0.046951692551374435,1245695,-1
385.8226013183594,260.0262756347656,1.8603483438491821,239.6148223876953,0.05489030107855797,2556415,-1
385.93023681640625,323.61407470703125,3.797137975692749,29.725311279296875,0.045936234295368195,3997952,-1
386.8877258300781,233.93772888183594,1.9629507064819336,330.23095703125,0.03572448715567589,6423039,-1
387.0495910644531,264.3543395996094,2.7060797214508057,125.40240478515625,0.017795512452721596,12911359,-1
387.0495910644531,264.3543395996094,2.7060797214508057,169.24990844726562,0.017795512452721596,12911359,-1
387.4224853515625,270.72357177734375,2.9898624420166016,177.23776245117188,0.02089766599237919,3474431,-1
387.4224853515625,270.72357177734375,2.9898624420166016,264.23486328125,0.02089766599237919,3474431,-1
388.34698486328125,236.85520935058594,1.824078917503357,332.05206298828125,0.046014826744794846,1114623,-1
