6.160042762756348,236.4289093017578,1.8729066848754883,102.1593017578125,0.025110306218266487,3015167,-1
9.589845657348633,229.41644287109375,2.463534116744995,230.70814514160156,0.05876658111810684,6161151,-1
10.991842269897461,215.32911682128906,2.022778272628784,181.82565307617188,0.030768856406211853,8585727,-1
11.973054885864258,222.22140502929688,5.099985599517822,176.08233642578125,0.06303341686725616,8651264,-1
13.55816650390625,231.9633026123047,1.8231862783432007,60.77142333984375,0.09675166755914688,1114623,-1
13.55816650390625,231.9633026123047,1.8231862783432007,233.99179077148438,0.09675166755914688,1114623,-1
13.94182014465332,215.36500549316406,2.5356557369232178,149.78634643554688,0.0842624232172966,8258303,-1
13.94182014465332,215.36500549316406,2.5356557369232178,215.27346801757812,0.0842624232172966,8258303,-1
14.785809516906738,207.92364501953125,4.216162204742432,214.0902099609375,0.052559129893779755,11600128,-1
21.353614807128906,242.96722412109375,4.991090297698975,157.61167907714844,0.07654368132352829,7078400,-1
27.176366806030273,176.11900329589844,3.721144437789917,116.35185241699219,0.0846555158495903,2556160,-1
27.176366806030273,176.11900329589844,3.721144437789917,254.30511474609375,0.0846555158495903,2556160,-1
27.790674209594727,195.49563598632812,8.452356338500977,244.86703491210938,0.05751338601112366,11731201,-1
30.024621963500977,171.9474639892578,1.965277075767517,267.32147216796875,0.03205280750989914,6488575,-1
34.15447998046875,183.97280883789062,3.4828689098358154,5.90374755859375,0.06540391594171524,14484479,-1
34.15447998046875,183.97280883789062,3.4828689098358154,164.8052215576172,0.06540391594171524,14484479,-1
35.484920501708984,244.81396484375,6.570469856262207,99.6390380859375,0.04596200957894325,10289920,-1
36.47072219848633,244.12335205078125,7.870433330535889,99.57339477539062,0.04513992741703987,6619393,-1
37.117950439453125,179.50669860839844,2.0158536434173584,3.001953125,0.059575580060482025,8323583,-1
40.88690948486328,276.4851989746094,1.9096479415893555,154.33328247070312,0.023165807127952576,4456959,-1
41.60944747924805,168.75025939941406,5.009814262390137,260.25433349609375,0.040927987545728683,7340544,-1
42.03998565673828,122.79698181152344,1.8927780389785767,207.5673370361328,0.0332643948495388,3801599,-1
42.44118881225586,186.99090576171875,8.518949508666992,235.40802001953125,0.07036583870649338,12321025,-1
42.514652252197266,191.716796875,5.392057418823242,214.29965209960938,0.06786642968654633,12648960,-1
44.46136474609375,178.62350463867188,1.9519211053848267,93.212646484375,0.0482279472053051,6029823,-1
44.46136474609375,178.62350463867188,1.9519211053848267,115.70396423339844,0.0482279472053051,6029823,-1
45.13544464111328,154.61358642578125,2.425645589828491,169.21815490722656,0.058874066919088364,5047039,-1
46.94189453125,164.29246520996094,3.3777527809143066,169.93603515625,0.047501303255558014,12256255,-1
46.94189453125,164.29246520996094,3.3777527809143066,351.212158203125,0.047501303255558014,12256255,-1
47.33977127075195,203.04054260253906,3.1469197273254395,327.90771484375,0.016448576003313065,7144447,-1
48.0320930480957,145.56800842285156,7.843452453613281,80.39291381835938,0.07677823305130005,6357249,-1
48.0320930480957,145.56800842285156,7.843452453613281,168.12623596191406,0.07677823305130005,6357249,-1
48.39897918701172,273.4312438964844,8.404181480407715,107.94158935546875,0.07381996512413025,11337985,-1
48.39897918701172,273.4312438964844,8.404181480407715,252.7506103515625,0.07381996512413025,11337985,-1
49.13447189331055,152.43975830078125,3.2355117797851562,77.7435302734375,0.06025947630405426,9176063,-1
49.45180130004883,190.6607208251953,4.262843608856201,207.98394775390625,0.0655960962176323,12386560,-1
50.03678894042969,152.85659790039062,4.039150238037109,76.4677734375,0.05885132774710655,8519936,-1
51.24396896362305,166.49517822265625,3.4587578773498535,261.741943359375,0.03329020366072655,13960191,-1
51.24396896362305,166.49517822265625,3.4587578773498535,349.8150939941406,0.03329020366072655,13960191,-1
51.29172897338867,185.01577758789062,2.5898385047912598,220.77114868164062,0.035402171313762665,9765631,-1
52.47193908691406,201.5829315185547,2.857377767562866,263.09393310546875,0.05448134243488312,197631,-1
53.39287185668945,172.19212341308594,3.9103305339813232,72.553955078125,0.05624648928642273,6160640,-1
53.39287185668945,172.19212341308594,3.9103305339813232,263.7825927734375,0.05624648928642273,6160640,-1
53.791259765625,248.8976287841797,2.0916757583618164,86.22113037109375,0.07065809518098831,11010559,-1
53.86267852783203,252.01254272460938,2.714857816696167,89.42941284179688,0.04552055150270462,13173503,-1
54.310630798339844,258.80389404296875,12.005115509033203,104.68589782714844,0.0824868306517601,3736321,-1
54.74061584472656,134.40443420410156,19.72039031982422,180.1282958984375,0.11906266212463379,6226434,-1
54.74061584472656,134.40443420410156,19.72039031982422,341.7874450683594,0.11906266212463379,6226434,-1
57.31828308105469,178.3665771484375,6.245240688323975,252.71429443359375,0.06838292628526688,6554368,-1
58.3940315246582,222.4217987060547,2.207906723022461,22.0279541015625,0.07194837927818298,14942719,-1
58.3940315246582,222.4217987060547,2.207906723022461,208.0092010498047,0.07194837927818298,14942719,-1
59.69084930419922,157.1444549560547,12.106330871582031,77.51153564453125,0.06356821209192276,4326145,-1
60.61562728881836,275.53497314453125,2.0043840408325195,90.39889526367188,0.030892029404640198,7930367,-1
60.9881706237793,257.1372985839844,3.690793991088867,158.95645141601562,0.05727917328476906,1966336,-1
61.348201751708984,256.7526550292969,3.252824544906616,166.7774200439453,0.058218035846948624,9569279,-1
61.558937072753906,119.55696868896484,1.946270227432251,309.9666442871094,0.037608589977025986,5833215,-1
62.17204666137695,221.68377685546875,2.3977622985839844,222.41552734375,0.04341093450784683,4195071,-1
62.503135681152344,269.3258972167969,2.6799190044403076,254.6465606689453,0.04129689559340477,12255999,-1
62.81698989868164,265.48193359375,2.445375919342041,179.4727325439453,0.07007623463869095,5636863,-1
62.81698989868164,265.48193359375,2.445375919342041,251.87664794921875,0.07007623463869095,5636863,-1
63.41074752807617,208.4923095703125,1.9759477376937866,331.87042236328125,0.01770721562206745,6881791,-1
63.95561981201172,176.0706024169922,4.296890735626221,165.12606811523438,0.03609686344861984,12976384,-1
64.0196533203125,190.3777313232422,6.594113349914551,251.3273468017578,0.04661443829536438,10486528,-1
64.69276428222656,202.97869873046875,2.0688419342041016,329.7698059082031,0.03302692621946335,10224127,-1
66.09761047363281,172.62155151367188,8.659936904907227,253.15911865234375,0.030482184141874313,13500673,-1
66.35197448730469,243.46282958984375,11.832133293151855,119.67431640625,0.042668022215366364,2687745,-1
66.49076080322266,197.32786560058594,1.8909887075424194,118.13668823242188,0.0761183500289917,3736063,-1
66.61579132080078,193.9620819091797,2.7317068576812744,109.89433288574219,0.02412191964685917,13632255,-1
67.74000549316406,289.0244140625,5.952066898345947,151.33148193359375,0.04733247682452202,3080960,-1
67.9169692993164,288.2792053222656,5.249680995941162,152.568359375,0.048106227070093155,10748416,-1
70.27366638183594,201.73362731933594,2.0110113620758057,112.18109130859375,0.04014895111322403,8192511,-1
70.27366638183594,201.73362731933594,2.0110113620758057,223.07872009277344,0.04014895111322403,8192511,-1
71.27552795410156,264.9061279296875,2.28625226020813,347.7172546386719,0.06237431988120079,721663,-1
71.27885437011719,246.88502502441406,2.8173930644989014,7.147857666015625,0.030341632664203644,15860479,-1
74.60018157958984,239.88357543945312,2.0109059810638428,27.404632568359375,0.02913561277091503,8192511,-1
75.67364501953125,250.09970092773438,3.0614700317382812,2.73211669921875,0.031005000695586205,5178367,-1
76.40193176269531,289.40576171875,6.350090503692627,153.58432006835938,0.07850426435470581,7799552,-1
76.59986877441406,279.4654235839844,5.329720973968506,94.85336303710938,0.02875666506588459,11862528,-1
77.12376403808594,186.72247314453125,21.667943954467773,239.36520385742188,0.05463007465004921,12976642,-1
77.12376403808594,186.72247314453125,21.667943954467773,310.4299621582031,0.05463007465004921,12976642,-1
77.85790252685547,242.50015258789062,5.302053928375244,23.4324951171875,0.039265263825654984,11469312,-1
79.72274017333984,250.1370391845703,2.578660726547241,1.26007080078125,0.057436879724264145,9437951,-1
80.13822174072266,160.61019897460938,5.2328972816467285,263.551513671875,0.029944373294711113,10486272,-1
80.8875503540039,267.87237548828125,4.908777236938477,80.86746215820312,0.029684124514460564,5898752,-1
80.8875503540039,267.87237548828125,4.908777236938477,203.2633819580078,0.029684124514460564,5898752,-1
80.91474151611328,197.85455322265625,1.9112299680709839,95.337646484375,0.05806070193648338,4522495,-1
80.91474151611328,197.85455322265625,1.9112299680709839,277.6362609863281,0.05806070193648338,4522495,-1
81.53084564208984,191.26358032226562,6.556395053863525,333.5888977050781,0.029155995696783066,10093312,-1
84.47911071777344,190.3329315185547,2.90351939201355,348.6522216796875,0.030900131911039352,1311743,-1
84.67413330078125,267.0670471191406,10.018111228942871,90.19589233398438,0.028299255296587944,7340545,-1
85.19528198242188,165.1873016357422,3.9828736782073975,259.83148193359375,0.023889081552624702,7471360,-1
85.40705871582031,195.09071350097656,1.9110167026519775,340.5621337890625,0.02481141872704029,4522495,-1
85.81381225585938,198.29110717773438,3.012291193008423,345.3515625,0.029412658885121346,3998719,-1
85.91934204101562,179.43267822265625,6.144498825073242,345.2117004394531,0.03807567059993744,5440256,-1
86.90267181396484,265.8264465332031,2.2996699810028076,73.12216186523438,0.03270019218325615,1180415,-1
86.90267181396484,265.8264465332031,2.2996699810028076,355.69281005859375,0.03270019218325615,1180415,-1
86.92897033691406,215.5707244873047,2.762211561203003,354.1976013183594,0.05672542378306389,14418687,-1
88.49185943603516,229.89663696289062,2.4734017848968506,14.07489013671875,0.02835901267826557,6423295,-1
88.7502670288086,293.1612548828125,2.0405662059783936,144.2699432373047,0.03628144785761833,9241087,-1
88.7502670288086,293.1612548828125,2.0405662059783936,331.21942138671875,0.03628144785761833,9241087,-1
88.88652038574219,147.07977294921875,26.408170700073242,296.6810302734375,0.03578285127878189,10617602,-1
89.18621826171875,206.16722106933594,3.8145999908447266,81.3538818359375,0.03596996143460274,4325632,-1
89.51106262207031,204.43798828125,1.9723083972930908,329.4786376953125,0.03366170451045036,6750719,-1
91.37826538085938,297.9043884277344,5.025179862976074,313.325927734375,0.04443938657641411,7602688,-1
91.70894622802734,263.7527160644531,14.72453784942627,94.58474731445312,0.029074182733893394,1769730,-1
91.88436889648438,254.3987274169922,1.8141692876815796,263.3581848144531,0.07570161670446396,721407,-1
92.14439392089844,224.6216278076172,5.2567973136901855,1.2269287109375,0.058137569576501846,10813952,-1
92.14439392089844,224.6216278076172,5.2567973136901855,207.67930603027344,0.058137569576501846,10813952,-1
93.02262115478516,271.61749267578125,1.9313881397247314,90.96722412109375,0.04860813170671463,5243391,-1
94.12725830078125,266.35736083984375,2.7037603855133057,41.363067626953125,0.019605541601777077,12911359,-1
94.12725830078125,266.35736083984375,2.7037603855133057,200.5613555908203,0.019605541601777077,12911359,-1
96.30658721923828,249.01763916015625,4.274743556976318,18.1676025390625,0.046352043747901917,12583168,-1
96.30658721923828,249.01763916015625,4.274743556976318,293.3260803222656,0.046352043747901917,12583168,-1
96.73219299316406,262.6937255859375,3.5070912837982178,78.2320556640625,0.02903183363378048,15008767,-1
97.31822967529297,197.5142059326172,7.032923221588135,300.4603271484375,0.026308374479413033,15205120,-1
98.15447998046875,240.83053588867188,4.656761169433594,138.899658203125,0.10636098682880402,2097664,-1
98.23802185058594,259.4490966796875,1.838694453239441,261.76202392578125,0.01685028336942196,1704447,-1
98.40401458740234,280.1115417480469,7.4761505126953125,85.52713012695312,0.02561231330037117,2883841,-1
99.1704330444336,217.7760467529297,2.7470996379852295,20.5948486328125,0.06170138716697693,14025471,-1
99.1704330444336,217.7760467529297,2.7470996379852295,185.7072296142578,0.06170138716697693,14025471,-1
100.19831085205078,230.86131286621094,7.2658514976501465,210.6100616455078,0.046987131237983704,852225,-1
101.23284912109375,254.60203552246094,2.568614959716797,275.28350830078125,0.07820214331150055,9175807,-1
101.31576538085938,249.45614624023438,1.8937147855758667,39.400909423828125,0.034881919622421265,3867135,-1
103.22005462646484,260.29620361328125,5.14359712600708,279.242431640625,0.04822412505745888,9241088,-1
103.86660766601562,296.32818603515625,3.035513162612915,308.86407470703125,0.019905615597963333,4523007,-1
104.61489868164062,218.17715454101562,1.9824084043502808,161.2980499267578,0.049060992896556854,7143935,-1
105.79789733886719,272.9792175292969,5.428656578063965,91.841796875,0.03284812346100807,13173248,-1
106.00931549072266,228.81138610839844,3.8838138580322266,23.8017578125,0.023052722215652466,5636352,-1
107.96393585205078,293.785888671875,4.743433475494385,301.6829833984375,0.06240467727184296,3408384,-1
108.00540161132812,306.4429016113281,2.4332211017608643,253.9812774658203,0.03166513890028,5243647,-1
108.00540161132812,306.4429016113281,2.4332211017608643,299.20751953125,0.03166513890028,5243647,-1
108.53150939941406,233.44415283203125,3.071341037750244,38.57635498046875,0.05908947438001633,5374975,-1
108.53150939941406,233.44415283203125,3.071341037750244,238.45916748046875,0.05908947438001633,5374975,-1
109.36717224121094,185.42625427246094,1.9150279760360718,45.142059326171875,0.015908624976873398,4653567,-1
109.41427612304688,153.6369171142578,10.552313804626465,280.3923645019531,0.017654886469244957,11076097,-1
110.14716339111328,219.6027374267578,6.044050693511963,67.09774780273438,0.04346824809908867,4195072,-1
110.14716339111328,219.6027374267578,6.044050693511963,284.005859375,0.04346824809908867,4195072,-1
110.72698974609375,277.42742919921875,1.8530899286270142,82.18133544921875,0.07294068485498428,2294271,-1
110.72698974609375,277.42742919921875,1.8530899286270142,324.8680725097656,0.07294068485498428,2294271,-1
111.03823852539062,294.49273681640625,9.941874504089355,218.63897705078125,0.06256206333637238,6816257,-1
111.85955047607422,291.8701171875,2.4496047496795654,160.81175231933594,0.046141304075717926,5767935,-1
112.23096466064453,235.2940673828125,2.0818614959716797,235.44610595703125,0.026143142953515053,10682879,-1
112.84963989257812,295.74517822265625,1.8126411437988281,162.66983032226562,0.04794986918568611,655871,-1
112.98827362060547,161.5262908935547,1.8403900861740112,280.4349365234375,0.01608588546514511,1769983,-1
113.61079406738281,213.00584411621094,21.141427993774414,278.6304626464844,0.022174444049596786,11207170,-1
113.8912124633789,276.0606994628906,2.5720973014831543,103.58981323242188,0.08657487481832504,9241343,-1
114.0430908203125,298.97808837890625,1.9044355154037476,229.87364196777344,0.024158885702490807,4260351,-1
114.0430908203125,298.97808837890625,1.9044355154037476,284.88458251953125,0.024158885702490807,4260351,-1
114.06710815429688,198.67984008789062,2.4486591815948486,260.9649963378906,0.0216880664229393,5702399,-1
114.31784057617188,235.1890106201172,3.1563546657562256,228.6611328125,0.028873253613710403,7341055,-1
115.45471954345703,301.5885314941406,1.8962510824203491,218.7607421875,0.026025891304016113,3932671,-1
116.26678466796875,252.3076934814453,6.913056373596191,96.20037841796875,0.10076512396335602,13959936,-1
116.26678466796875,252.3076934814453,6.913056373596191,260.4939880371094,0.10076512396335602,13959936,-1
117.60580444335938,266.66766357421875,12.072404861450195,106.23741149902344,0.05009789764881134,4129537,-1
118.1630630493164,239.0075225830078,2.840139627456665,69.731689453125,0.027983801439404488,16450303,-1
118.1630630493164,239.0075225830078,2.840139627456665,310.5085754394531,0.027983801439404488,16450303,-1
119.34209442138672,277.994384765625,2.0976736545562744,110.48287963867188,0.07547183334827423,11207167,-1
120.89949798583984,232.00074768066406,6.129026889801025,349.1156005859375,0.03701867163181305,5243648,-1
120.98231506347656,194.70152282714844,1.9315105676651,271.0804443359375,0.022691253572702408,5243391,-1
122.20535278320312,145.2798309326172,6.318682670593262,56.010406494140625,0.07462753355503082,7406336,-1
122.20535278320312,145.2798309326172,6.318682670593262,229.54421997070312,0.07462753355503082,7406336,-1
122.3727798461914,193.918701171875,3.8392834663391113,269.9794921875,0.02095523290336132,4849920,-1
122.68616485595703,166.86851501464844,2.4303410053253174,272.62994384765625,0.016069890931248665,5178111,-1
122.80306243896484,217.76744079589844,3.960066556930542,58.022430419921875,0.03712111711502075,7078144,-1
124.66967010498047,245.47853088378906,7.333634853363037,141.51910400390625,0.038879476487636566,1507585,-1
125.08061981201172,201.41949462890625,8.264053344726562,270.01666259765625,0.025884348899126053,10158337,-1
128.67019653320312,230.56332397460938,3.165282726287842,0.681182861328125,0.051236189901828766,7537663,-1
128.67019653320312,230.56332397460938,3.165282726287842,31.16278076171875,0.051236189901828766,7537663,-1
128.88792419433594,177.1320037841797,2.4168927669525146,242.4901580810547,0.0155158881098032,4784895,-1
129.00076293945312,223.1259307861328,2.249467611312866,233.90362548828125,0.06382711231708527,16318975,-1
129.5363311767578,214.97564697265625,1.8241894245147705,58.196014404296875,0.04526166245341301,1114623,-1
129.5363311767578,214.97564697265625,1.8241894245147705,254.169677734375,0.04526166245341301,1114623,-1
130.82904052734375,168.12249755859375,40.59403991699219,237.62716674804688,0.05067181959748268,8258051,-1
130.93788146972656,238.5164794921875,2.7099714279174805,321.0996398925781,0.05254068598151207,13042431,-1
131.00326538085938,148.3087615966797,6.391788482666016,57.60211181640625,0.02828771062195301,8258304,-1
133.0401611328125,200.341552734375,2.0461368560791016,276.2914123535156,0.017222357913851738,9437695,-1
133.1005859375,221.81959533691406,3.7691314220428467,51.23291015625,0.05669086426496506,3473664,-1
133.20834350585938,232.33505249023438,9.542075157165527,201.70504760742188,0.05887879058718681,3801601,-1
133.3936309814453,174.09719848632812,1.839604377746582,245.53115844726562,0.021977974101901054,1769983,-1
133.54519653320312,226.350341796875,2.058635711669922,58.653106689453125,0.034164782613515854,9896447,-1
135.17196655273438,311.40728759765625,2.008657455444336,38.775604248046875,0.04711104929447174,8126975,-1
135.3874053955078,234.49632263183594,3.139827251434326,191.6241455078125,0.053105007857084274,7013375,-1
135.83853149414062,298.5487365722656,1.9192949533462524,352.97296142578125,0.01512471865862608,4784639,-1
135.9873046875,247.613525390625,2.5702500343322754,64.03109741210938,0.03440793976187706,9241343,-1
136.0288848876953,227.2677459716797,5.08413553237915,201.04312133789062,0.05653023347258568,8389120,-1
138.21853637695312,192.08453369140625,7.75836706161499,231.70278930664062,0.027995064854621887,5570817,-1
139.8822479248047,220.13929748535156,3.674027681350708,204.5452117919922,0.08461784571409225,1638656,-1
139.92691040039062,250.3751220703125,3.172971725463867,65.03253173828125,0.05238582566380501,7734271,-1
139.92691040039062,250.3751220703125,3.172971725463867,173.40650939941406,0.05238582566380501,7734271,-1
139.9945831298828,192.7692413330078,5.583559513092041,222.7598419189453,0.02862096205353737,15204864,-1
140.08807373046875,132.80389404296875,3.5220367908477783,241.48367309570312,0.05740642175078392,15270911,-1
141.052490234375,215.36875915527344,2.5312557220458984,93.95645141601562,0.06477990001440048,8127231,-1
141.052490234375,215.36875915527344,2.5312557220458984,238.7064208984375,0.06477990001440048,8127231,-1
141.31675720214844,295.4527587890625,3.897920608520508,5.078369140625,0.046817127615213394,5898496,-1
141.31675720214844,295.4527587890625,3.897920608520508,302.8705749511719,0.046817127615213394,5898496,-1
141.92625427246094,304.80780029296875,3.5718960762023926,76.00808715820312,0.05741019919514656,16319487,-1
143.62442016601562,300.9179382324219,2.0709078311920166,10.77886962890625,0.08489791303873062,10289663,-1
143.62442016601562,300.9179382324219,2.0709078311920166,272.34808349609375,0.08489791303873062,10289663,-1
144.14222717285156,124.72763061523438,3.6178150177001953,186.2804412841797,0.03528372570872307,524544,-1
144.86407470703125,196.25497436523438,3.0400712490081787,220.19822692871094,0.042895883321762085,4654079,-1
145.06222534179688,303.248046875,1.9171956777572632,268.1903076171875,0.058357834815979004,4719103,-1
145.4768829345703,324.0796203613281,21.013927459716797,66.63412475585938,0.05324866250157356,10813954,-1
145.48507690429688,296.07598876953125,2.175326108932495,20.5308837890625,0.049937307834625244,13894143,-1
146.40077209472656,260.00653076171875,3.2677669525146484,90.46731567382812,0.013443905860185623,9896959,-1
146.42413330078125,203.8133544921875,4.281383991241455,79.268310546875,0.037016015499830246,12714240,-1
146.92730712890625,298.6650085449219,4.993251323699951,253.70101928710938,0.09988027065992355,7143936,-1
146.92730712890625,298.6650085449219,4.993251323699951,357.0351867675781,0.09988027065992355,7143936,-1
147.21376037597656,251.6298828125,3.7328174114227295,178.49490356445312,0.0168144553899765,2752768,-1
147.63938903808594,183.39483642578125,5.272572040557861,222.2431640625,0.029125967994332314,11076096,-1
148.57188415527344,305.4162902832031,4.87063455581665,87.22305297851562,0.0818052664399147,5308928,-1
148.78257751464844,208.73544311523438,4.072175979614258,216.85113525390625,0.055257681757211685,9109760,-1
149.009521484375,203.4325714111328,3.4519619941711426,279.8265075683594,0.03697609528899193,13829119,-1
149.19737243652344,177.58908081054688,2.0856857299804688,294.862548828125,0.017076514661312103,10813951,-1
149.75982666015625,199.0488739013672,2.991729497909546,280.47039794921875,0.05050908401608467,3474431,-1
150.1681671142578,289.146728515625,2.3989646434783936,117.92326354980469,0.08848123252391815,4260607,-1
150.60397338867188,299.9372253417969,2.381664752960205,257.21026611328125,0.08214125037193298,3736319,-1
150.75648498535156,136.25880432128906,1.8616348505020142,153.10147094726562,0.043849170207977295,2621951,-1
151.4751434326172,195.63999938964844,2.4826817512512207,119.20413208007812,0.05548781156539917,6685439,-1
151.8431854248047,234.9595947265625,2.488123893737793,12.547607421875,0.01454923115670681,6882047,-1
152.5620574951172,190.0316162109375,1.939202904701233,215.7899169921875,0.022533057257533073,5571071,-1
152.95626831054688,159.0547637939453,24.461111068725586,232.91416931152344,0.05883569270372391,5047042,-1
152.99148559570312,286.473876953125,3.281068801879883,359.1611328125,0.07453282177448273,10159103,-1
153.08595275878906,313.96929931640625,2.823834180831909,81.15176391601562,0.08427193760871887,15991551,-1
153.56085205078125,119.35861206054688,3.8771398067474365,232.26150512695312,0.04174792766571045,5505280,-1
153.97145080566406,289.31060791015625,2.2681493759155273,350.78656005859375,0.08471572399139404,197375,-1
154.15370178222656,276.6692199707031,4.052905559539795,53.614959716796875,0.04013258218765259,8716544,-1
154.15370178222656,276.6692199707031,4.052905559539795,185.1907958984375,0.04013258218765259,8716544,-1
154.20211791992188,317.7707824707031,2.9653232097625732,81.66180419921875,0.0285952091217041,2819071,-1
154.3594512939453,174.76309204101562,5.18795919418335,226.4917449951172,0.04878672584891319,9896448,-1
154.37181091308594,187.94517517089844,8.545778274536133,224.2761688232422,0.046745020896196365,12583169,-1
155.39486694335938,302.27099609375,6.201422691345215,81.03466796875,0.0755152478814125,6095616,-1
155.93133544921875,127.73696899414062,3.3147099018096924,239.4912109375,0.04608273133635521,10879999,-1
156.34397888183594,282.12255859375,2.6697475910186768,3.65118408203125,0.10552946478128433,11993855,-1
156.34397888183594,282.12255859375,2.6697475910186768,141.05516052246094,0.10552946478128433,11993855,-1
157.31784057617188,215.08917236328125,2.6523995399475098,17.4088134765625,0.01469836663454771,11469567,-1
158.1689910888672,275.8089599609375,1.9520553350448608,357.9988708496094,0.04161115735769272,6029823,-1
158.73973083496094,208.71607971191406,8.244725227355957,203.06063842773438,0.030217617750167847,9961729,-1
158.73973083496094,208.71607971191406,8.244725227355957,264.76898193359375,0.030217617750167847,9961729,-1
158.89349365234375,238.97845458984375,4.250894069671631,15.226593017578125,0.014711426571011543,12189952,-1
159.33175659179688,185.070556640625,2.2780067920684814,236.22604370117188,0.05537072569131851,459519,-1
159.7579803466797,294.3793029785156,2.101973295211792,116.93641662597656,0.06106423959136009,11403775,-1
159.85446166992188,128.12159729003906,13.394195556640625,51.665008544921875,0.09173089265823364,11666177,-1
159.85446166992188,128.12159729003906,13.394195556640625,255.99205017089844,0.09173089265823364,11666177,-1
160.23062133789062,296.14654541015625,4.138656139373779,285.5715637207031,0.0678384006023407,10223872,-1
160.38796997070312,223.7638702392578,3.091102123260498,5.385101318359375,0.01868964172899723,5833727,-1
160.39968872070312,298.7403259277344,2.1118245124816895,232.77285766601562,0.04006461054086685,11731455,-1
160.39968872070312,298.7403259277344,2.1118245124816895,296.85821533203125,0.04006461054086685,11731455,-1
160.982666015625,271.95208740234375,12.628520011901855,87.72610473632812,0.01791469380259514,7406337,-1
161.37709045410156,176.52627563476562,5.371049404144287,223.2943878173828,0.059947386384010315,12386816,-1
163.14097595214844,138.37838745117188,1.9414217472076416,29.106292724609375,0.05220150575041771,5636607,-1
163.3790740966797,246.93470764160156,2.186948299407959,67.2645263671875,0.05712633207440376,14221823,-1
163.75718688964844,188.10313415527344,4.338198661804199,250.37864685058594,0.02513226680457592,13631744,-1
163.9346923828125,299.24163818359375,2.7162728309631348,238.6456298828125,0.04750683903694153,13239039,-1
164.1966552734375,132.06031799316406,2.1173527240753174,66.692626953125,0.08602385967969894,11928063,-1
164.3799591064453,170.730224609375,1.9892228841781616,230.01390075683594,0.04831576347351074,7406079,-1
164.85914611816406,315.8288269042969,3.117389440536499,90.15573120117188,0.038726773113012314,6489087,-1
164.85914611816406,315.8288269042969,3.117389440536499,105.75578308105469,0.038726773113012314,6489087,-1
165.1194305419922,225.1007537841797,3.850898027420044,173.40631103515625,0.08648234605789185,5046528,-1
166.11553955078125,320.747802734375,7.629114627838135,120.30450439453125,0.05154510214924812,4325633,-1
166.11553955078125,320.747802734375,7.629114627838135,165.19723510742188,0.05154510214924812,4325633,-1
166.63194274902344,346.05279541015625,2.6947824954986572,37.241363525390625,0.024370474740862846,12649215,-1
167.3623809814453,245.92274475097656,1.977566123008728,82.28097534179688,0.0383213609457016,6947327,-1
167.54165649414062,180.1862030029297,3.9172616004943848,55.864715576171875,0.04533836618065834,6291712,-1
167.54165649414062,180.1862030029297,3.9172616004943848,165.40994262695312,0.04533836618065834,6291712,-1
167.54165649414062,180.1862030029297,3.9172616004943848,244.19940185546875,0.04533836618065834,6291712,-1
167.85012817382812,121.33280181884766,2.0324246883392334,37.7542724609375,0.07519670575857162,8978943,-1
168.34115600585938,254.27725219726562,7.926522254943848,359.103515625,0.08536817133426666,7143681,-1
168.4510955810547,273.974609375,2.6214451789855957,22.3583984375,0.020224066451191902,10617599,-1
168.46275329589844,287.4789123535156,2.83085298538208,116.83525085449219,0.025910627096891403,16188159,-1
168.67254638671875,124.49800109863281,1.797249436378479,259.3983154296875,0.08294881135225296,66047,-1
168.97134399414062,180.9049530029297,1.9135621786117554,152.3257293701172,0.04251410812139511,4588031,-1
169.65892028808594,227.0934600830078,3.29980731010437,175.2212371826172,0.042197320610284805,10552319,-1
170.0889892578125,126.60350036621094,2.0028903484344482,60.29437255859375,0.08972033113241196,7864831,-1
170.2093963623047,172.05331420898438,8.66800308227539,232.0386505126953,0.07400750368833542,13566209,-1
170.7858123779297,205.95750427246094,6.320234775543213,270.11773681640625,0.0326821394264698,7471872,-1
170.80006408691406,267.6324768066406,6.076224327087402,277.59033203125,0.02418554574251175,4588288,-1
170.90042114257812,335.1785888671875,4.315558910369873,30.844390869140625,0.052782606333494186,13304064,-1
170.90042114257812,335.1785888671875,4.315558910369873,199.46969604492188,0.052782606333494186,13304064,-1
171.09376525878906,122.60065460205078,2.8864858150482178,262.00665283203125,0.08483625203371048,918527,-1
171.56898498535156,235.7161102294922,1.9377554655075073,157.76565551757812,0.09315460920333862,5505535,-1
171.56898498535156,235.7161102294922,1.9377554655075073,191.22982788085938,0.09315460920333862,5505535,-1
171.56898498535156,235.7161102294922,1.9377554655075073,249.3595733642578,0.09315460920333862,5505535,-1
171.56898498535156,235.7161102294922,1.9377554655075073,288.1551513671875,0.09315460920333862,5505535,-1
171.790283203125,208.8610382080078,4.305075168609619,9.626953125,0.033411458134651184,13107456,-1
172.33485412597656,219.0951385498047,6.267682075500488,178.57699584960938,0.03647753596305847,6816512,-1
172.46070861816406,128.21836853027344,2.0289125442504883,64.3226318359375,0.07206254452466965,8847871,-1
173.04287719726562,291.573486328125,10.139162063598633,100.91860961914062,0.036501411348581314,8192513,-1
173.04287719726562,291.573486328125,10.139162063598633,158.2400360107422,0.036501411348581314,8192513,-1
173.06866455078125,251.69677734375,2.0991179943084717,124.39935302734375,0.050331417471170425,11272703,-1
173.06866455078125,251.69677734375,2.0991179943084717,180.9864501953125,0.050331417471170425,11272703,-1
174.31654357910156,270.6865539550781,3.377406358718872,337.8541259765625,0.023733478039503098,12256255,-1
175.97427368164062,156.3416748046875,2.5417182445526123,223.50949096679688,0.03795578330755234,8389375,-1
176.20924377441406,324.3026123046875,4.342215061187744,28.152191162109375,0.08147703111171722,13697280,-1
176.56378173828125,159.66168212890625,2.1507909297943115,225.6952667236328,0.06274736672639847,13042175,-1
176.93238830566406,141.27053833007812,15.707513809204102,225.57345581054688,0.05636770278215408,6422786,-1
178.0167999267578,327.7060241699219,1.8750158548355103,32.71905517578125,0.048414185643196106,3146239,-1
178.50624084472656,293.62042236328125,4.729992866516113,83.79632568359375,0.02861308492720127,3211776,-1
178.59429931640625,267.050537109375,3.7408955097198486,237.639404296875,0.04952105134725571,2949376,-1
178.59429931640625,267.050537109375,3.7408955097198486,341.81109619140625,0.04952105134725571,2949376,-1
179.92727661132812,310.8794860839844,1.8924219608306885,81.09857177734375,0.0713573694229126,3801599,-1
179.92727661132812,310.8794860839844,1.8924219608306885,258.4309387207031,0.0713573694229126,3801599,-1
180.05450439453125,313.9756774902344,2.5066850185394287,260.320556640625,0.054274626076221466,7406335,-1
180.1688995361328,215.5709991455078,2.142937421798706,316.58880615234375,0.0773768350481987,12780031,-1
181.51185607910156,162.83351135253906,2.9666104316711426,130.81565856933594,0.06023257225751877,2884607,-1
182.11993408203125,263.86474609375,2.5527710914611816,339.4427490234375,0.05208029970526695,8717055,-1
183.2713623046875,313.4537658691406,1.9944241046905518,172.97555541992188,0.05128065496683121,7602687,-1
184.13636779785156,271.4000549316406,5.009164810180664,300.61749267578125,0.03205208480358124,7340544,-1
185.0460968017578,305.6156921386719,3.443326234817505,93.19647216796875,0.035394087433815,13632511,-1
185.0460968017578,305.6156921386719,3.443326234817505,195.69058227539062,0.035394087433815,13632511,-1
186.1845703125,237.10162353515625,1.9908466339111328,17.3240966796875,0.06048957630991936,7471615,-1
186.81297302246094,161.30555725097656,2.589658260345459,255.24293518066406,0.06275799125432968,9765631,-1
187.01687622070312,312.9216003417969,3.0036351680755615,66.24609375,0.07988033443689346,3802111,-1
187.93702697753906,284.7488098144531,1.9288145303726196,169.13348388671875,0.02864880859851837,5177855,-1
188.43881225585938,124.22688293457031,5.553406715393066,106.06103515625,0.07008924335241318,14811648,-1
188.43881225585938,124.22688293457031,5.553406715393066,294.486328125,0.07008924335241318,14811648,-1
188.92138671875,227.94671630859375,2.018139123916626,45.2059326171875,0.044365350157022476,8454655,-1
189.5313720703125,247.17041015625,2.166700601577759,187.05120849609375,0.03707214072346687,13566463,-1
190.3953094482422,129.0575408935547,2.3579890727996826,108.35115051269531,0.0442582331597805,3015423,-1
190.45919799804688,149.81956481933594,5.9109015464782715,228.7993621826172,0.07450573891401291,2622208,-1
190.82675170898438,242.4564208984375,2.083054780960083,188.6205291748047,0.051908235996961594,10748415,-1
190.94564819335938,261.5543518066406,2.2167985439300537,168.98818969726562,0.043195463716983795,15204863,-1
191.0252685546875,252.41871643066406,4.219281196594238,181.1907958984375,0.03984876722097397,11665664,-1
191.22061157226562,311.2034912109375,2.5510079860687256,56.405670166015625,0.07306092977523804,8651519,-1
191.29246520996094,163.35284423828125,3.3502132892608643,234.60867309570312,0.038770318031311035,11666431,-1
191.90377807617188,311.0114440917969,2.0222764015197754,53.652069091796875,0.07297107577323914,8585727,-1
192.06549072265625,228.89588928222656,2.6371171474456787,48.712158203125,0.0885692611336708,11076351,-1
192.1751251220703,258.9267883300781,5.048425197601318,172.39016723632812,0.047162849456071854,7930368,-1
192.4888916015625,247.66915893554688,1.8754217624664307,174.96475219726562,0.04542755335569382,3146239,-1
192.76809692382812,272.3905029296875,1.8999063968658447,291.5113220214844,0.04924792796373367,4063743,-1
192.91616821289062,290.8971252441406,1.8686469793319702,69.61114501953125,0.09428541362285614,2884095,-1
193.03225708007812,167.05569458007812,2.944605588912964,231.9956512451172,0.032620083540678024,2360319,-1
193.43890380859375,206.35687255859375,3.248020887374878,80.067626953125,0.014785394072532654,9438207,-1
193.43890380859375,206.35687255859375,3.248020887374878,253.3551483154297,0.014785394072532654,9438207,-1
194.65562438964844,198.5464324951172,2.136082649230957,262.4957275390625,0.013754715211689472,12517887,-1
194.80389404296875,126.80867767333984,4.163210868835449,110.69563293457031,0.0658610463142395,10682624,-1
194.80389404296875,126.80867767333984,4.163210868835449,293.31341552734375,0.0658610463142395,10682624,-1
194.890869140625,154.96681213378906,3.7961502075195312,77.78109741210938,0.06098237633705139,3997952,-1
195.50543212890625,271.3663024902344,5.207770824432373,285.4153137207031,0.05062626674771309,10158592,-1
195.6121063232422,311.096435546875,2.182833671569824,61.80487060546875,0.05272394046187401,14090751,-1
195.82374572753906,138.75650024414062,2.1551132202148438,349.1336669921875,0.06505276262760162,13173247,-1
196.63600158691406,234.33505249023438,5.040590286254883,220.1368865966797,0.032823316752910614,7799296,-1
196.7959442138672,259.43560791015625,9.52331829071045,171.31997680664062,0.04516654461622238,3670529,-1
197.21951293945312,147.21311950683594,2.6294851303100586,292.83233642578125,0.07613249868154526,10879743,-1
197.4379425048828,307.44873046875,2.707535982131958,71.75167846679688,0.05766837298870087,12976895,-1
198.54766845703125,138.64892578125,1.8974649906158447,350.1138610839844,0.033546820282936096,3998207,-1
198.9846649169922,289.84759521484375,3.8453118801116943,6.973876953125,0.04405410215258598,4915456,-1
199.1015167236328,192.11643981933594,55.957252502441406,241.145263671875,0.05861782282590866,14811907,-1
199.81663513183594,278.63568115234375,4.854037284851074,3.995208740234375,0.05915682762861252,5046784,-1
200.31784057617188,205.68087768554688,4.24556303024292,88.51629638671875,0.018858732655644417,12124416,-1
200.5637969970703,240.9545440673828,11.172911643981934,29.10382080078125,0.040734726935625076,15204865,-1
200.87181091308594,265.2330627441406,5.08023738861084,359.4451904296875,0.0475810207426548,8389120,-1
200.88339233398438,155.76055908203125,3.2209160327911377,107.52189636230469,0.055611979216337204,8848383,-1
200.88339233398438,155.76055908203125,3.2209160327911377,230.16668701171875,0.055611979216337204,8848383,-1
202.03346252441406,208.51214599609375,2.446613073348999,358.5201110839844,0.02025091089308262,5636863,-1
202.14462280273438,148.49209594726562,3.049346685409546,288.6748046875,0.07455264776945114,4850687,-1
202.43727111816406,233.52178955078125,2.0742220878601074,241.47802734375,0.013403909280896187,10420735,-1
203.3235321044922,304.81597900390625,4.922948360443115,69.22402954101562,0.06949654966592789,6095360,-1
203.37081909179688,254.64715576171875,4.508728981018066,9.431182861328125,0.040119580924510956,16449792,-1
203.73399353027344,158.00904846191406,1.8738317489624023,239.88796997070312,0.05941048264503479,3080703,-1
204.07437133789062,130.84092712402344,3.6152782440185547,288.79351806640625,0.08041626960039139,459008,-1
205.51649475097656,205.86460876464844,2.903923749923706,0.1309814453125,0.034763213247060776,1311743,-1
205.51649475097656,205.86460876464844,2.903923749923706,197.65664672851562,0.034763213247060776,1311743,-1
205.7779998779297,291.65167236328125,6.477214336395264,182.13070678710938,0.06075231730937958,9241344,-1
206.1243133544922,147.99154663085938,2.1837358474731445,192.7719268798828,0.054345861077308655,14156287,-1
207.03712463378906,198.39950561523438,2.5504150390625,244.79922485351562,0.013436902314424515,8651519,-1
207.69354248046875,262.1677551269531,4.034267425537109,3.393524169921875,0.07286129891872406,8388864,-1
208.84197998046875,306.5414123535156,3.1559603214263916,59.6800537109375,0.05441915988922119,7341055,-1
209.27841186523438,153.7021026611328,3.232389450073242,274.42047119140625,0.043626029044389725,9110527,-1
209.3086395263672,249.53805541992188,3.9038352966308594,8.012847900390625,0.0879194363951683,6029568,-1
209.3618927001953,306.69451904296875,3.702556610107422,60.94921875,0.053734276443719864,2162944,-1
209.86795043945312,291.66204833984375,1.8181031942367554,115.97003173828125,0.07746195793151855,918015,-1
209.86795043945312,291.66204833984375,1.8181031942367554,189.90052795410156,0.07746195793151855,918015,-1
210.08851623535156,229.17530822753906,2.767674446105957,249.50894165039062,0.024486932903528214,14549759,-1
210.54605102539062,299.9201965332031,5.932589054107666,64.78512573242188,0.07022424787282944,2884352,-1
210.959716796875,229.1720428466797,3.3202762603759766,250.69839477539062,0.023834921419620514,11011071,-1
211.80320739746094,203.9637908935547,1.9027303457260132,288.1580505371094,0.015056087635457516,4194815,-1
211.85971069335938,240.49838256835938,1.9426392316818237,20.63897705078125,0.04910869151353836,5702143,-1
212.18496704101562,106.75384521484375,25.189815521240234,238.26437377929688,0.034646160900592804,7209730,-1
212.2104034423828,150.92027282714844,2.562113046646118,261.6628723144531,0.018067684024572372,8979199,-1
212.22218322753906,130.569091796875,9.53212833404541,266.4886474609375,0.052894722670316696,3736065,-1
212.95361328125,166.98643493652344,2.7429416179656982,6.024810791015625,0.015004648827016354,13894399,-1
213.1730194091797,218.5764617919922,3.048766851425171,77.60159301757812,0.024358879774808884,4850687,-1
213.17868041992188,121.82474517822266,1.9124020338058472,310.06646728515625,0.04249291494488716,4522495,-1
213.22393798828125,138.61376953125,2.0595905780792236,86.4364013671875,0.037505000829696655,9896447,-1
213.8335723876953,211.9234161376953,8.250004768371582,6.52825927734375,0.040814079344272614,10027265,-1
213.8430938720703,242.59165954589844,2.166476249694824,23.099853515625,0.10930582880973816,13566463,-1
214.7685546875,261.08856201171875,4.147841930389404,67.28179931640625,0.04453660920262337,10420480,-1
214.7685546875,261.08856201171875,4.147841930389404,182.14181518554688,0.04453660920262337,10420480,-1
215.70982360839844,187.25253295898438,2.1657168865203857,11.09967041015625,0.025288201868534088,13566463,-1
216.01258850097656,149.9586181640625,3.9270083904266357,275.4552001953125,0.01951771415770054,6422784,-1
216.24493408203125,127.52859497070312,2.046980857849121,305.1728515625,0.049008674919605255,9437695,-1
216.4113311767578,131.0221405029297,2.0763602256774902,306.404296875,0.031221916899085045,10486271,-1
216.77647399902344,142.87466430664062,5.183586597442627,130.98715209960938,0.06202450767159462,9830912,-1
216.95703125,277.8170166015625,9.220013618469238,184.91571044921875,0.0518781915307045,1311233,-1
216.95703125,277.8170166015625,9.220013618469238,357.8936767578125,0.0518781915307045,1311233,-1
217.08087158203125,183.95623779296875,2.1827011108398438,41.894256591796875,0.025006357580423355,14090751,-1
217.76177978515625,136.73553466796875,3.5413100719451904,117.03779602050781,0.06279139220714569,15664127,-1
218.00814819335938,246.93797302246094,5.253365993499756,359.6711120605469,0.057051364332437515,10813952,-1
218.10003662109375,291.741455078125,12.424263000488281,67.68136596679688,0.06257110834121704,6226689,-1
218.50328063964844,156.42063903808594,3.863403081893921,207.88238525390625,0.030029920861124992,5243136,-1
218.50328063964844,156.42063903808594,3.863403081893921,308.6054382324219,0.030029920861124992,5243136,-1
218.99810791015625,187.07366943359375,2.5894405841827393,193.37295532226562,0.05042382329702377,9765631,-1
219.44349670410156,129.9582061767578,1.8736698627471924,311.58380126953125,0.06911768764257431,3080703,-1
219.98263549804688,225.2781524658203,2.0244736671447754,8.340087890625,0.06282727420330048,8651263,-1
220.04029846191406,172.72323608398438,4.03849458694458,328.07952880859375,0.02709999494254589,8454400,-1
220.11727905273438,234.95458984375,1.880061149597168,352.54669189453125,0.049408722668886185,3342847,-1
220.963623046875,298.10516357421875,2.352973222732544,73.014892578125,0.07777576148509979,2818815,-1
220.9951171875,254.17665100097656,2.508310079574585,346.7837829589844,0.05413510277867317,7471871,-1
221.00643920898438,260.9375,2.072194814682007,63.02203369140625,0.06136774644255638,10355199,-1
221.2181854248047,177.98809814453125,9.423567771911621,339.939697265625,0.028497153893113136,2949633,-1
221.2369384765625,123.86727905273438,6.767216682434082,300.5838623046875,0.05776175856590271,12387072,-1
221.39918518066406,144.41275024414062,2.364513635635376,137.2506866455078,0.05247044935822487,3212031,-1
221.88336181640625,271.1792297363281,3.246382236480713,355.0103454589844,0.04747689887881279,9372671,-1
221.90524291992188,205.0768585205078,2.519700765609741,76.68597412109375,0.08887328207492828,7799551,-1
222.01422119140625,188.22654724121094,1.8225749731063843,195.10964965820312,0.020533626899123192,1049087,-1
222.1005096435547,131.5869903564453,2.2340080738067627,230.13711547851562,0.05742676928639412,15794687,-1
222.2119903564453,214.27200317382812,2.729168653488159,260.49102783203125,0.07930823415517807,13566719,-1
222.2119903564453,214.27200317382812,2.729168653488159,356.62896728515625,0.07930823415517807,13566719,-1
223.17454528808594,147.4121856689453,4.372013092041016,136.65489196777344,0.06905864179134369,14221568,-1
224.00888061523438,157.97833251953125,1.9720550775527954,93.05538940429688,0.050919581204652786,6750719,-1
224.251953125,141.652099609375,3.901991605758667,136.44735717773438,0.05751057341694832,5964032,-1
225.0772247314453,208.45608520507812,7.056325435638428,9.15997314453125,0.12039269506931305,15401728,-1
225.0772247314453,208.45608520507812,7.056325435638428,171.6531219482422,0.12039269506931305,15401728,-1
225.428955078125,155.10055541992188,5.1812896728515625,110.30393981933594,0.05642102286219597,9765376,-1
225.428955078125,155.10055541992188,5.1812896728515625,216.29676818847656,0.05642102286219597,9765376,-1
226.88906860351562,161.77227783203125,3.165195941925049,100.85760498046875,0.10346546769142151,7537663,-1
227.1455841064453,281.78900146484375,5.218408107757568,354.82415771484375,0.06400668621063232,10289664,-1
227.14932250976562,119.961669921875,2.98675799369812,186.81959533691406,0.09466148167848587,3343359,-1
227.3099365234375,216.15545654296875,2.4526474475860596,250.52462768554688,0.07398029416799545,5833471,-1
227.46119689941406,196.30145263671875,2.052347183227539,358.524658203125,0.02069532312452793,9634303,-1
228.45433044433594,204.12203979492188,2.384887456893921,82.11117553710938,0.08679381757974625,3801855,-1
228.45433044433594,204.12203979492188,2.384887456893921,176.10887145996094,0.08679381757974625,3801855,-1
228.92823791503906,222.2504425048828,2.165529489517212,251.9393310546875,0.08253522962331772,13566463,-1
230.49322509765625,154.63499450683594,8.48994255065918,67.76095581054688,0.05573517829179764,12058881,-1
230.49322509765625,154.63499450683594,8.48994255065918,193.8905487060547,0.05573517829179764,12058881,-1
231.21681213378906,195.26869201660156,4.162569046020508,357.6932373046875,0.024456296116113663,10682624,-1
231.2543182373047,185.3585205078125,4.329125881195068,347.1986999511719,0.04680638760328293,13500672,-1
231.77801513671875,170.23837280273438,4.426619529724121,10.260955810546875,0.0339556559920311,15139072,-1
232.1238555908203,227.8961639404297,6.814530372619629,353.6520080566406,0.0716143324971199,12911360,-1
232.8191375732422,131.283935546875,1.8234747648239136,59.739105224609375,0.0628194510936737,1114623,-1
233.05706787109375,258.2406311035156,2.071403980255127,86.32290649414062,0.10010918229818344,10289663,-1
233.05706787109375,258.2406311035156,2.071403980255127,266.84320068359375,0.10010918229818344,10289663,-1
233.2227020263672,287.86016845703125,3.5173866748809814,125.832763671875,0.037194620817899704,15205375,-1
234.10536193847656,137.62542724609375,3.1817784309387207,265.3342590332031,0.029634037986397743,7930879,-1
234.23138427734375,201.315673828125,1.9882835149765015,287.67327880859375,0.018204420804977417,7340543,-1
234.466064453125,208.89068603515625,6.414414405822754,170.5624237060547,0.07991588860750198,8520448,-1
234.484130859375,89.5333023071289,2.1939518451690674,142.91290283203125,0.08526994287967682,14483967,-1
234.484130859375,89.5333023071289,2.1939518451690674,222.04393005371094,0.08526994287967682,14483967,-1
235.10826110839844,94.48332977294922,2.452533483505249,145.567626953125,0.07371897250413895,5833471,-1
235.29933166503906,224.85943603515625,3.1389262676239014,6.31744384765625,0.06407433748245239,6947839,-1
235.5336151123047,85.19805145263672,1.8654698133468628,230.73223876953125,0.05004742741584778,2753023,-1
236.47323608398438,254.14645385742188,2.6597542762756348,299.3420715332031,0.1150345578789711,11666175,-1
236.48760986328125,160.3673095703125,2.229748487472534,49.0162353515625,0.05481097102165222,15663615,-1
236.58912658691406,98.62188720703125,2.7975356578826904,112.44657897949219,0.08653297275304794,15336191,-1
236.58912658691406,98.62188720703125,2.7975356578826904,214.27354431152344,0.08653297275304794,15336191,-1
236.89340209960938,284.20831298828125,4.704367637634277,120.79006958007812,0.0573345310986042,2818560,-1
237.4839324951172,125.24626922607422,2.5657687187194824,294.8020935058594,0.05954667180776596,9110271,-1
237.4906768798828,88.93028259277344,5.182069778442383,172.90084838867188,0.09992541372776031,9830912,-1
238.20562744140625,85.9793472290039,2.1182143688201904,232.91500854492188,0.0781768262386322,11928063,-1
239.0684814453125,119.51725769042969,1.9723217487335205,119.73779296875,0.08017518371343613,6750719,-1
239.121337890625,243.88294982910156,6.382776260375977,9.33221435546875,0.10527485609054565,8192768,-1
239.121337890625,243.88294982910156,6.382776260375977,332.84539794921875,0.10527485609054565,8192768,-1
239.31312561035156,229.2251739501953,4.146308422088623,358.60809326171875,0.08310520648956299,10354944,-1
240.26934814453125,252.10743713378906,3.357680559158325,303.990234375,0.07775884866714478,11863039,-1
240.9657745361328,181.54058837890625,2.399742841720581,287.860595703125,0.03569412976503372,4260607,-1
240.99114990234375,141.43545532226562,22.206315994262695,242.11032104492188,0.07663275301456451,14811650,-1
241.0959930419922,166.60415649414062,2.3597021102905273,42.23382568359375,0.028604308143258095,3015423,-1
241.24513244628906,202.96926879882812,3.3895835876464844,342.53485107421875,0.05303080379962921,12518399,-1
241.27943420410156,93.7978515625,10.742141723632812,180.68997192382812,0.10862043499946594,12386817,-1
241.27943420410156,93.7978515625,10.742141723632812,302.69989013671875,0.10862043499946594,12386817,-1
241.32879638671875,275.26873779296875,2.1831235885620117,127.32688903808594,0.03257845342159271,14090751,-1
241.7025146484375,191.0664520263672,2.844507932662964,266.923583984375,0.042525239288806915,16581375,-1
242.64889526367188,289.5276794433594,2.6778817176818848,83.86325073242188,0.06550934910774231,12190463,-1
242.97230529785156,171.59634399414062,2.0758960247039795,28.515472412109375,0.019640358164906502,10486271,-1
243.48500061035156,169.86627197265625,15.396661758422852,72.86090087890625,0.07179449498653412,4980994,-1
243.7159423828125,130.01161193847656,4.374131679534912,291.7951354980469,0.04317185655236244,14221568,-1
244.27586364746094,86.32526397705078,3.507127523422241,264.42083740234375,0.04699581861495972,15008767,-1
244.27586364746094,86.32526397705078,3.507127523422241,311.7209777832031,0.04699581861495972,15008767,-1
244.33724975585938,243.8880615234375,2.2104432582855225,157.56944274902344,0.05840924754738808,15008255,-1
244.34799194335938,86.16357421875,3.6197516918182373,298.63580322265625,0.04718763753771782,590080,-1
244.37315368652344,237.9692840576172,4.774636268615723,130.64501953125,0.08634180575609207,3867136,-1
244.37315368652344,237.9692840576172,4.774636268615723,328.0145568847656,0.08634180575609207,3867136,-1
244.5853271484375,220.90870666503906,1.975535273551941,0.788116455078125,0.06004801765084267,6881791,-1
245.05712890625,201.04832458496094,2.075871706008911,140.45486450195312,0.06499418616294861,10486271,-1
245.1281280517578,322.1136474609375,43.52390670776367,74.71990966796875,0.05413154140114784,13304323,-1
245.1281280517578,322.1136474609375,43.52390670776367,127.66128540039062,0.05413154140114784,13304323,-1
245.1718292236328,196.06582641601562,2.85542368888855,325.4634704589844,0.03631087392568588,132095,-1
245.57797241210938,122.20375061035156,4.2262492179870605,286.0249938964844,0.05856236442923546,11731200,-1
245.69241333007812,221.66725158691406,3.0435101985931396,2.6304931640625,0.05950688570737839,4719615,-1
245.90646362304688,288.3990783691406,4.114474773406982,65.53472900390625,0.06969649344682693,9830656,-1
245.93426513671875,293.2816467285156,3.5387916564941406,74.74786376953125,0.04550156742334366,15664127,-1
245.97134399414062,130.61427307128906,2.065349578857422,341.5751953125,0.032174695283174515,10093055,-1
246.10560607910156,278.3055419921875,2.4121289253234863,332.7890930175781,0.0634555071592331,4653823,-1
246.21636962890625,118.65998077392578,2.036384344100952,43.1212158203125,0.04549894481897354,9110015,-1
246.4631805419922,266.94036865234375,2.1138858795166016,2.73388671875,0.04296109825372696,11796991,-1
246.5647735595703,260.8559265136719,3.2000858783721924,3.3426513671875,0.04489969089627266,8389631,-1
246.70811462402344,124.8084945678711,2.003716230392456,307.8564453125,0.054234132170677185,7930367,-1
246.93409729003906,261.78662109375,2.241594076156616,4.71246337890625,0.044052496552467346,16056831,-1
247.54443359375,136.54212951660156,2.6024022102355957,304.5680236816406,0.02653723955154419,10093311,-1
247.66241455078125,115.21562957763672,2.9851815700531006,243.50222778320312,0.05261283740401268,3343359,-1
248.50018310546875,89.68318176269531,3.1597230434417725,261.8749694824219,0.0908963531255722,7472127,-1
248.50018310546875,89.68318176269531,3.1597230434417725,347.9951477050781,0.0908963531255722,7472127,-1
248.54690551757812,207.12326049804688,1.932477593421936,132.8952178955078,0.030969955027103424,5308927,-1
249.4727020263672,216.78916931152344,2.041969060897827,331.2080078125,0.020233046263456345,9306623,-1
250.1783905029297,168.25625610351562,1.8760521411895752,123.84428405761719,0.015780828893184662,3146239,-1
250.6013641357422,253.2384033203125,2.191312789916992,9.63995361328125,0.023880712687969208,14418431,-1
250.6603546142578,296.0208435058594,2.965803623199463,67.425537109375,0.022231286391615868,2884607,-1
250.68038940429688,123.48228454589844,2.7037599086761475,201.71072387695312,0.06092754378914833,12911359,-1
250.7943115234375,235.16510009765625,5.593636989593506,328.07861328125,0.06598088145256042,15335936,-1
251.05258178710938,288.6822204589844,1.9783060550689697,43.02777099609375,0.024097558110952377,7012863,-1
251.15415954589844,131.63954162597656,1.960249900817871,265.6744079589844,0.05856429040431976,6357503,-1
251.68450927734375,200.34063720703125,4.893856048583984,131.58200073242188,0.03476108983159065,5636608,-1
251.73101806640625,96.601806640625,1.9319428205490112,32.23822021484375,0.11015097796916962,5308927,-1
251.73101806640625,96.601806640625,1.9319428205490112,163.33819580078125,0.11015097796916962,5308927,-1
251.77301025390625,120.0381851196289,2.220120906829834,296.8237609863281,0.042940981686115265,15335935,-1
252.6671142578125,174.02154541015625,6.340235233306885,176.86181640625,0.04418503865599632,7668480,-1
252.73985290527344,280.6422119140625,4.304358959197998,56.0478515625,0.07470323890447617,13107456,-1
252.73985290527344,280.6422119140625,4.304358959197998,287.6231994628906,0.07470323890447617,13107456,-1
252.78903198242188,92.15010833740234,3.0942137241363525,352.0970764160156,0.04459783434867859,5899263,-1
253.1304931640625,275.4313659667969,2.1968696117401123,283.9931335449219,0.050463516265153885,14549503,-1
253.17115783691406,184.9865264892578,3.6818459033966064,200.70362854003906,0.0575050413608551,1769728,-1
253.20977783203125,133.3589324951172,4.154276371002197,261.7569580078125,0.047700900584459305,10551552,-1
254.07664489746094,149.03005981445312,1.97079336643219,357.9100036621094,0.05248241499066353,6750719,-1
254.1743621826172,268.7320861816406,9.41186809539795,179.50125122070312,0.08732826262712479,2818561,-1
254.6745147705078,108.62883758544922,2.633045196533203,109.39959716796875,0.053318362683057785,10945279,-1
254.78778076171875,290.58489990234375,2.2292888164520264,73.98062133789062,0.027012741193175316,15663615,-1
255.25587463378906,98.9833755493164,3.3833415508270264,285.9468994140625,0.05229012668132782,12387327,-1
255.33700561523438,293.73016357421875,10.26233959197998,156.41197204589844,0.050408098846673965,9110017,-1
256.3703918457031,128.63525390625,1.9262224435806274,93.77810668945312,0.07339482009410858,5046783,-1
256.3703918457031,128.63525390625,1.9262224435806274,250.79873657226562,0.07339482009410858,5046783,-1
256.48699951171875,276.7409362792969,1.8452106714248657,285.875,0.05040513724088669,1966591,-1
256.85040283203125,235.1116485595703,2.657442808151245,181.81744384765625,0.08625566214323044,11600639,-1
257.0638732910156,142.91305541992188,2.8062918186187744,348.6465759277344,0.03955693915486336,15598335,-1
257.8091125488281,125.95674896240234,1.9320906400680542,94.1080322265625,0.06876540184020996,5308927,-1
257.8091125488281,125.95674896240234,1.9320906400680542,321.6846923828125,0.06876540184020996,5308927,-1
257.85296630859375,105.93128204345703,4.452810764312744,104.41850280761719,0.08307071030139923,15532288,-1
258.242919921875,222.41500854492188,7.894107341766357,331.8124084472656,0.02623947151005268,6816001,-1
258.2626953125,131.5652618408203,2.8768832683563232,46.098876953125,0.05601469799876213,656383,-1
258.4280090332031,209.21746826171875,3.6448516845703125,119.39352416992188,0.053530577570199966,1048832,-1
258.4424133300781,182.48513793945312,1.9544506072998047,332.03558349609375,0.04433649033308029,6095359,-1
258.8778991699219,199.6149139404297,4.607513427734375,343.1620788574219,0.08104723691940308,1311232,-1
259.4122619628906,282.44232177734375,2.7876553535461426,174.85089111328125,0.05029875412583351,15074047,-1
259.7379150390625,247.89207458496094,3.266815662384033,170.58197021484375,0.06239525228738785,9831423,-1
259.8220520019531,297.2058410644531,4.287307262420654,174.35122680664062,0.057293716818094254,12779776,-1
259.9085388183594,220.7560272216797,1.9729721546173096,329.79315185546875,0.036727000027894974,6816255,-1
260.79547119140625,125.84575653076172,8.010209083557129,262.0925598144531,0.04233569651842117,7864577,-1
260.79547119140625,125.84575653076172,8.010209083557129,352.3515930175781,0.04233569651842117,7864577,-1
262.09539794921875,171.14881896972656,7.3915276527404785,181.41763305664062,0.05817708745598793,2031873,-1
263.0843811035156,193.38380432128906,5.386685371398926,343.58978271484375,0.059506822377443314,12583424,-1
263.21063232421875,304.07672119140625,1.8637669086456299,183.46987915039062,0.08341753482818604,2687487,-1
263.3621520996094,106.09977722167969,2.8618171215057373,354.4005432128906,0.02296251431107521,263167,-1
263.57550048828125,101.98812866210938,4.938713550567627,73.92398071289062,0.03384251147508621,6291968,-1
263.7517395019531,184.50906372070312,1.899802803993225,58.074462890625,0.017853356897830963,4063743,-1
263.7517395019531,184.50906372070312,1.899802803993225,303.24993896484375,0.017853356897830963,4063743,-1
263.7517395019531,184.50906372070312,1.899802803993225,326.60693359375,0.017853356897830963,4063743,-1
264.0498046875,174.92784118652344,1.9026203155517578,59.501800537109375,0.03359726443886757,4194815,-1
264.1660461425781,227.5574951171875,2.051628828048706,63.69342041015625,0.05174846947193146,9634303,-1
264.1660461425781,227.5574951171875,2.051628828048706,315.5025939941406,0.05174846947193146,9634303,-1
264.8125305175781,122.3758316040039,2.0018389225006104,330.9526672363281,0.06521528959274292,7864831,-1
265.09893798828125,130.21630859375,1.8689199686050415,46.811859130859375,0.06382206082344055,2884095,-1
265.30865478515625,91.97965240478516,2.539848804473877,259.18212890625,0.03423692658543587,8389375,-1
265.9767761230469,256.27984619140625,10.20169734954834,181.03094482421875,0.07155533879995346,8651265,-1
265.9767761230469,256.27984619140625,10.20169734954834,322.3583679199219,0.07155533879995346,8651265,-1
266.1444091796875,275.9112548828125,1.796159029006958,0.51824951171875,0.018798774108290672,511,-1
266.1444091796875,275.9112548828125,1.796159029006958,161.01498413085938,0.018798774108290672,511,-1
266.2034606933594,301.5930480957031,5.788220405578613,57.17095947265625,0.0943303182721138,1114880,-1
266.2034606933594,301.5930480957031,5.788220405578613,165.22744750976562,0.0943303182721138,1114880,-1
266.3037414550781,160.07290649414062,6.381768703460693,63.064056396484375,0.03255704045295715,8127232,-1
266.3037414550781,160.07290649414062,6.381768703460693,303.3533020019531,0.03255704045295715,8127232,-1
266.87835693359375,178.04852294921875,3.8544769287109375,60.15411376953125,0.06746572256088257,5112064,-1
267.1727600097656,149.89491271972656,2.9753408432006836,34.04962158203125,0.0564078688621521,3081215,-1
268.4802551269531,94.69676971435547,2.4325616359710693,65.77603149414062,0.09568717330694199,5243647,-1
268.4802551269531,94.69676971435547,2.4325616359710693,261.38555908203125,0.09568717330694199,5243647,-1
269.3143310546875,126.74314880371094,3.4417526721954346,2.769439697265625,0.044146183878183365,13632511,-1
269.3190612792969,230.68128967285156,2.0523757934570312,234.4199676513672,0.030534794554114342,9634303,-1
269.3482971191406,189.49972534179688,2.9431049823760986,79.13275146484375,0.024423040449619293,2294783,-1
269.8582458496094,194.84576416015625,11.370784759521484,5.114715576171875,0.06546370685100555,16515585,-1
271.1388854980469,233.48497009277344,2.663268804550171,151.16751098632812,0.05155528709292412,11797247,-1
272.0057373046875,186.00576782226562,1.9830774068832397,71.34048461914062,0.07804200798273087,7143935,-1
273.0096435546875,178.3299560546875,2.3047595024108887,58.361419677734375,0.07364938408136368,1311487,-1
273.0096435546875,178.3299560546875,2.3047595024108887,75.88638305664062,0.07364938408136368,1311487,-1
273.0096435546875,178.3299560546875,2.3047595024108887,211.56744384765625,0.07364938408136368,1311487,-1
273.395751953125,150.5050811767578,2.9798851013183594,337.5810241699219,0.02301294356584549,3212287,-1
273.9145812988281,141.70970153808594,2.4040687084198,318.0501403808594,0.04453509673476219,4391679,-1
274.0110168457031,90.0185317993164,1.915976881980896,252.81683349609375,0.03740944340825081,4653567,-1
274.720947265625,211.2284698486328,17.975234985351562,224.74952697753906,0.0711139366030693,16187650,-1
274.7765197753906,301.7801208496094,5.425349712371826,44.6300048828125,0.0897563174366951,13107712,-1
274.7765197753906,301.7801208496094,5.425349712371826,150.0371551513672,0.0897563174366951,13107712,-1
274.8243408203125,163.94566345214844,3.7502477169036865,307.71929931640625,0.02403740957379341,3145984,-1
274.9029846191406,92.71207427978516,2.6456029415130615,89.46133422851562,0.0949675589799881,11338495,-1
274.9029846191406,92.71207427978516,2.6456029415130615,253.6871337890625,0.0949675589799881,11338495,-1
275.03643798828125,234.4431915283203,1.884468674659729,151.05734252929688,0.03309275954961777,3473919,-1
275.30780029296875,187.74935913085938,2.420299768447876,145.45042419433594,0.056026920676231384,4850431,-1
275.45172119140625,286.77825927734375,19.955001831054688,126.19728088378906,0.07321374118328094,7078402,-1
277.3911437988281,157.85653686523438,5.081510066986084,304.5885009765625,0.023986095562577248,8389120,-1
277.7869567871094,230.79104614257812,7.5094733238220215,228.59771728515625,0.06901006400585175,3211521,-1
278.47723388671875,298.9170837402344,1.8975025415420532,141.7479248046875,0.046395111829042435,3998207,-1
278.7673645019531,147.9342803955078,4.065158843994141,277.86376953125,0.029144039377570152,8978688,-1
278.92010498046875,185.59364318847656,4.197722911834717,139.43077087402344,0.052441589534282684,11272448,-1
279.5511169433594,197.77264404296875,5.286590099334717,145.9872589111328,0.041545283049345016,11272704,-1
280.36956787109375,184.53733825683594,2.047199010848999,256.4647216796875,0.049138858914375305,9503231,-1
281.0220031738281,213.6455535888672,10.908055305480957,228.46881103515625,0.06898996978998184,13500929,-1
282.0299072265625,281.6153564453125,2.148587942123413,349.4661560058594,0.02392600104212761,12976639,-1
282.0682067871094,139.68418884277344,3.8294484615325928,228.8149871826172,0.03228761628270149,4653312,-1
282.82391357421875,152.8610076904297,3.3437931537628174,293.0618896484375,0.04691497981548309,11535359,-1
283.61590576171875,221.56427001953125,2.285371780395508,231.0858154296875,0.055601563304662704,721663,-1
284.1718444824219,187.4208526611328,10.266280174255371,143.3124542236328,0.04752720147371292,9110017,-1
285.3662109375,132.09010314941406,3.1227293014526367,235.66802978515625,0.03933510556817055,6620159,-1
285.3832702636719,87.42169952392578,2.4238195419311523,270.3594970703125,0.03157103434205055,4981503,-1
285.4346008300781,247.82350158691406,5.323012828826904,145.49566650390625,0.052124664187431335,11731456,-1
286.5679016113281,170.04257202148438,5.6362409591674805,192.65525817871094,0.021900292485952377,15860224,-1
286.5679016113281,170.04257202148438,5.6362409591674805,348.68304443359375,0.021900292485952377,15860224,-1
286.6911315917969,146.90171813964844,6.3876261711120605,130.92971801757812,0.03503357246518135,8192768,-1
286.8778076171875,135.58457946777344,2.1257834434509277,239.63156127929688,0.03980851545929909,12190207,-1
286.93988037109375,90.5789794921875,2.208108901977539,67.35916137695312,0.10560138523578644,14942719,-1
286.93988037109375,90.5789794921875,2.208108901977539,271.3355712890625,0.10560138523578644,14942719,-1
288.709716796875,152.50733947753906,2.0513875484466553,261.1338806152344,0.01792151853442192,9634303,-1
289.35760498046875,284.6283874511719,2.7392547130584717,330.14923095703125,0.04717979207634926,13828863,-1
289.6353454589844,198.09754943847656,10.111618041992188,155.9451141357422,0.041428785771131516,7995905,-1
289.6353454589844,198.09754943847656,10.111618041992188,331.2593078613281,0.041428785771131516,7995905,-1
289.7389831542969,257.11077880859375,3.1009042263031006,143.3057403564453,0.0674581229686737,6095871,-1
289.8001708984375,252.6494140625,2.7414050102233887,88.10931396484375,0.052040547132492065,13894399,-1
290.8897399902344,302.6797180175781,2.806889772415161,88.33456420898438,0.08775605261325836,15598335,-1
291.17108154296875,316.30072021484375,10.632081985473633,150.8249053955078,0.07003814727067947,11665921,-1
291.9692687988281,207.94012451171875,4.8329386711120605,167.6585693359375,0.039265476167201996,4784640,-1
292.4355773925781,289.1739196777344,2.107893705368042,331.0286560058594,0.04770763963460922,11600383,-1
292.74749755859375,153.2012176513672,2.736144781112671,224.53707885742188,0.023393437266349792,13763327,-1
292.8255615234375,128.7445068359375,4.707247734069824,280.6929626464844,0.024992816150188446,2818560,-1
293.6036682128906,305.39739990234375,2.0284249782562256,247.32589721679688,0.06213934347033501,8782335,-1
293.69970703125,136.9873504638672,8.306509971618652,288.3143005371094,0.05974990874528885,10486017,-1
294.3990173339844,189.20318603515625,2.941736936569214,333.60260009765625,0.035413384437561035,2294783,-1
294.5167541503906,214.5506591796875,2.0000805854797363,210.34042358398438,0.036010727286338806,7799295,-1
295.886474609375,141.11862182617188,1.8111438751220703,104.12010192871094,0.026003297418355942,590335,-1
295.886474609375,141.11862182617188,1.8111438751220703,252.66615295410156,0.026003297418355942,590335,-1
296.1459655761719,138.3373565673828,1.9557535648345947,52.718841552734375,0.027547849342226982,6160895,-1
296.1459655761719,138.3373565673828,1.9557535648345947,253.85704040527344,0.027547849342226982,6160895,-1
296.1667175292969,134.2877960205078,2.9925882816314697,293.43695068359375,0.0555100217461586,3539967,-1
296.5038146972656,160.35203552246094,2.4916441440582275,63.171112060546875,0.03692898899316788,6947583,-1
296.5140075683594,206.05531311035156,2.7467706203460693,331.2414245605469,0.029150275513529778,14025471,-1
297.3367919921875,297.43511962890625,2.146728992462158,328.825439453125,0.06337566673755646,12911103,-1
297.3432922363281,314.4698486328125,2.503112554550171,57.939117431640625,0.04689671844244003,7275263,-1
297.660888671875,179.03857421875,5.61313009262085,115.11752319335938,0.059892937541007996,15598080,-1
297.93536376953125,318.08868408203125,2.5754997730255127,334.9455261230469,0.057751547545194626,9372415,-1
298.36993408203125,132.15455627441406,2.115307092666626,306.45355224609375,0.027374211698770523,11862527,-1
298.8918151855469,209.95867919921875,2.8592021465301514,292.86639404296875,0.041750453412532806,197631,-1
299.6901550292969,302.3950500488281,2.1363437175750732,170.0123291015625,0.0643647164106369,12583423,-1
299.9883117675781,152.3849639892578,2.440809726715088,208.05227661132812,0.041867490857839584,5505791,-1
300.0714416503906,265.55401611328125,6.361685276031494,146.535400390625,0.048117902129888535,7930624,-1
301.08453369140625,170.16717529296875,2.367374897003174,222.36367797851562,0.05104299634695053,3277567,-1
301.08453369140625,170.16717529296875,2.367374897003174,358.75250244140625,0.05104299634695053,3277567,-1
302.03076171875,306.60833740234375,2.793072462081909,331.30792236328125,0.05104271322488785,15205119,-1
302.2896728515625,148.22080993652344,4.855000019073486,267.1580505371094,0.0258308257907629,5112320,-1
303.3830871582031,218.087646484375,2.8890206813812256,270.18402099609375,0.01741022616624832,984063,-1
303.52764892578125,153.81024169921875,2.628765344619751,39.4718017578125,0.07384347915649414,10814207,-1
303.52764892578125,153.81024169921875,2.628765344619751,200.26690673828125,0.07384347915649414,10814207,-1
303.52764892578125,153.81024169921875,2.628765344619751,295.89581298828125,0.07384347915649414,10814207,-1
303.8533935546875,266.7312316894531,4.150577068328857,310.0403747558594,0.05073294788599014,10486016,-1
304.4608459472656,309.0287170410156,2.019540786743164,32.777679443359375,0.05763036012649536,8520191,-1
304.4608459472656,309.0287170410156,2.019540786743164,331.5111389160156,0.05763036012649536,8520191,-1
304.93499755859375,138.8601531982422,5.3050055503845215,333.3081970214844,0.034718699753284454,11469312,-1
305.1517333984375,301.0535583496094,1.864730715751648,282.9045104980469,0.019506312906742096,2687487,-1
305.42669677734375,177.37210083007812,2.261662244796753,57.803741455078125,0.08015134930610657,16646655,-1
305.42669677734375,177.37210083007812,2.261662244796753,115.85044860839844,0.08015134930610657,16646655,-1
305.4966125488281,278.33843994140625,1.9852837324142456,251.65870666503906,0.027901437133550644,7275007,-1
305.6070556640625,282.02581787109375,3.533021926879883,150.1551055908203,0.052372682839632034,15533055,-1
306.126708984375,150.8378448486328,2.1464154720306396,289.29791259765625,0.04017436504364014,12911103,-1
306.6972351074219,276.4694519042969,3.3606343269348145,239.94454956054688,0.03529033437371254,11928575,-1
306.8486022949219,174.54689025878906,5.526987552642822,37.111785888671875,0.09689023345708847,14483968,-1
306.8486022949219,174.54689025878906,5.526987552642822,115.50202941894531,0.09689023345708847,14483968,-1
307.0830078125,206.92967224121094,4.254893779754639,263.2789611816406,0.04380429536104202,12255488,-1
307.4166564941406,327.0951843261719,1.962921142578125,328.3250427246094,0.019087549299001694,6423039,-1
308.48590087890625,319.29144287109375,1.8205511569976807,136.71461486816406,0.034788284450769424,983551,-1
308.9396667480469,261.5469055175781,6.814117431640625,305.7774658203125,0.09759601205587387,12911360,-1
309.5235290527344,288.0889587402344,3.517409563064575,150.7542724609375,0.04528011754155159,15205375,-1
309.8052978515625,302.3612976074219,11.6732177734375,134.27395629882812,0.05205675587058067,1704705,-1
309.8052978515625,302.3612976074219,11.6732177734375,339.3601379394531,0.05205675587058067,1704705,-1
310.109619140625,330.27923583984375,2.0724058151245117,318.657470703125,0.01953611709177494,10355199,-1
310.15582275390625,157.4816131591797,3.225787401199341,109.73382568359375,0.03332939371466637,8913919,-1
310.15582275390625,157.4816131591797,3.225787401199341,290.930419921875,0.03332939371466637,8913919,-1
310.772705078125,194.10707092285156,19.613582611083984,292.6366271972656,0.053631480783224106,5833218,-1
310.8210144042969,150.01512145996094,2.187410831451416,259.96575927734375,0.059015292674303055,14287359,-1
311.0383605957031,166.4488525390625,2.971363067626953,338.16522216796875,0.05225412920117378,3015679,-1
312.20745849609375,141.93399047851562,2.0122182369232178,263.36444091796875,0.05275425687432289,8192511,-1
312.7326965332031,268.68341064453125,1.8488762378692627,280.2972412109375,0.025298377498984337,2097663,-1
313.14862060546875,206.52244567871094,3.47407603263855,268.2367248535156,0.04090872034430504,14287871,-1
313.2391662597656,144.45494079589844,6.085931301116943,268.7220764160156,0.055891748517751694,4719360,-1
313.2391662597656,144.45494079589844,6.085931301116943,347.7019958496094,0.055891748517751694,4719360,-1
313.69873046875,248.31228637695312,2.6218814849853516,92.38177490234375,0.043154019862413406,10683135,-1
314.1474914550781,307.83135986328125,3.304645299911499,222.69259643554688,0.04632167890667915,10683391,-1
314.51641845703125,283.62530517578125,1.9210693836212158,179.19515991210938,0.02533520758152008,4850175,-1
314.8433532714844,275.3033447265625,1.9533268213272095,286.59521484375,0.018593212589621544,6095359,-1
315.111572265625,285.2669677734375,12.786437034606934,143.02919006347656,0.062122177332639694,8258305,-1
315.111572265625,285.2669677734375,12.786437034606934,327.81243896484375,0.062122177332639694,8258305,-1
315.6452941894531,257.78717041015625,3.810574769973755,136.70025634765625,0.08456011116504669,4260096,-1
315.6452941894531,257.78717041015625,3.810574769973755,327.7640075683594,0.08456011116504669,4260096,-1
316.1946716308594,287.7715148925781,2.3098533153533936,353.2288513183594,0.013586835004389286,1508095,-1
316.3340148925781,330.9281921386719,2.0028064250946045,128.198974609375,0.04434635490179062,7864831,-1
317.0517272949219,310.970458984375,2.921779155731201,222.51205444335938,0.04200363904237747,1770495,-1
317.0937194824219,303.988037109375,2.434899091720581,155.7974395751953,0.025255436077713966,5309183,-1
319.45709228515625,357.43109130859375,2.0971081256866455,127.54238891601562,0.052587203681468964,11207167,-1
319.9868469238281,292.45025634765625,2.522043228149414,80.27377319335938,0.037122879177331924,7865087,-1
320.1839599609375,149.24427795410156,3.924532651901245,0.360107421875,0.02397889643907547,6422784,-1
320.18463134765625,265.23193359375,4.287673473358154,183.51797485351562,0.04901331663131714,12779776,-1
320.18463134765625,265.23193359375,4.287673473358154,304.01544189453125,0.04901331663131714,12779776,-1
320.213623046875,253.77516174316406,5.516982078552246,109.185546875,0.07106941938400269,14352896,-1
320.213623046875,253.77516174316406,5.516982078552246,331.8377990722656,0.07106941938400269,14352896,-1
320.2907409667969,219.36599731445312,2.7132437229156494,320.14190673828125,0.067263662815094,13107967,-1
320.873779296875,297.9303894042969,4.654325008392334,71.010009765625,0.06187012791633606,2032128,-1
321.15087890625,280.0094299316406,2.322370767593384,303.7134094238281,0.04032788798213005,1901311,-1
321.28997802734375,211.23785400390625,4.389138698577881,273.1438293457031,0.06955258548259735,14483712,-1
321.9556579589844,277.11767578125,2.464428663253784,301.7078552246094,0.03289084881544113,6161151,-1
322.0834045410156,233.85540771484375,2.6230251789093018,301.0129089355469,0.07738694548606873,10683135,-1
322.14031982421875,261.87750244140625,2.236288547515869,309.284912109375,0.05525213107466698,15860223,-1
322.14031982421875,261.87750244140625,2.236288547515869,326.19854736328125,0.05525213107466698,15860223,-1
322.83251953125,286.50665283203125,2.2667319774627686,8.5574951171875,0.033329542726278305,131839,-1
323.9001770019531,324.2850646972656,2.1503496170043945,113.60598754882812,0.040945135056972504,13042175,-1
324.1253662109375,260.91778564453125,4.349780559539795,159.40457153320312,0.08287492394447327,13828352,-1
324.1253662109375,260.91778564453125,4.349780559539795,322.7427062988281,0.08287492394447327,13828352,-1
324.3211975097656,303.41802978515625,2.4538824558258057,176.5302734375,0.033572252839803696,5899007,-1
324.6572265625,230.57261657714844,3.3869705200195312,96.7659912109375,0.054763223975896835,12452863,-1
324.6572265625,230.57261657714844,3.3869705200195312,302.9776306152344,0.054763223975896835,12452863,-1
325.09503173828125,216.12709045410156,4.788418769836426,28.239105224609375,0.04372968152165413,4063744,-1
325.09503173828125,216.12709045410156,4.788418769836426,348.33709716796875,0.04372968152165413,4063744,-1
326.35400390625,270.8477783203125,2.394669532775879,3.905487060546875,0.03314211592078209,4129535,-1
326.35400390625,270.8477783203125,2.394669532775879,117.82888793945312,0.03314211592078209,4129535,-1
327.99432373046875,232.03237915039062,2.142951726913452,97.94671630859375,0.049300648272037506,12780031,-1
328.2926025390625,316.27789306640625,15.870218276977539,40.830322265625,0.05314517766237259,7209218,-1
328.2926025390625,316.27789306640625,15.870218276977539,126.04946899414062,0.05314517766237259,7209218,-1
328.3539123535156,308.58294677734375,2.8050942420959473,227.64268493652344,0.02469964325428009,15532799,-1
328.80145263671875,286.3472595214844,2.3426573276519775,320.0929260253906,0.046176690608263016,2491135,-1
329.7335510253906,258.8714599609375,3.7130749225616455,163.35073852539062,0.053866565227508545,2425088,-1
330.92626953125,341.1337585449219,3.0173206329345703,129.19009399414062,0.03718537092208862,4129791,-1
332.130859375,296.4194030761719,7.376990795135498,323.76641845703125,0.03231494873762131,1900801,-1
332.7128601074219,238.51220703125,5.607886791229248,310.3620910644531,0.04737725853919983,15532544,-1
332.79400634765625,315.8768615722656,3.148728132247925,81.64361572265625,0.021776769310235977,7209983,-1
335.34954833984375,273.7830505371094,3.2142417430877686,346.7489929199219,0.025937022641301155,8651775,-1
336.0257568359375,322.013916015625,2.07053279876709,40.083038330078125,0.038844943046569824,10289663,-1
337.08282470703125,231.8603973388672,2.8179640769958496,68.8905029296875,0.013418463058769703,15860479,-1
337.4999694824219,319.3451232910156,2.4918344020843506,27.17919921875,0.04273897036910057,6947583,-1
338.0901794433594,304.20257568359375,2.3937036991119385,344.4762268066406,0.04599134996533394,4063999,-1
338.70623779296875,307.00775146484375,2.6199986934661865,350.38006591796875,0.0437689870595932,10617599,-1
338.9581604003906,343.9549865722656,2.9415135383605957,281.40875244140625,0.03430161252617836,2294783,-1
339.03179931640625,314.3477478027344,2.3258931636810303,7.23553466796875,0.041050709784030914,1966847,-1
339.2545166015625,264.24261474609375,6.279059886932373,134.1055450439453,0.05903363600373268,6947584,-1
341.8625183105469,330.46246337890625,2.3812901973724365,51.83489990234375,0.03329881280660629,3670783,-1
341.8668518066406,271.5779724121094,3.717618942260742,114.84458923339844,0.026993485167622566,2490624,-1
342.5514221191406,236.6810760498047,3.227501630783081,113.96607971191406,0.0479307621717453,8979455,-1
342.5514221191406,236.6810760498047,3.227501630783081,339.3630065917969,0.0479307621717453,8979455,-1
343.3680114746094,278.92364501953125,15.480071067810059,151.84783935546875,0.053895410150289536,5374210,-1
343.3854064941406,336.56524658203125,1.815745234489441,325.1312255859375,0.11274613440036774,786943,-1
344.66204833984375,340.18939208984375,2.317798376083374,329.5906066894531,0.09841925650835037,1770239,-1
345.63372802734375,332.72637939453125,4.3633646965026855,51.99176025390625,0.06448466330766678,14090496,-1
346.19891357421875,234.37710571289062,2.643819570541382,118.95037841796875,0.02708444371819496,11272959,-1
346.98675537109375,238.24240112304688,2.1419339179992676,122.9337158203125,0.029236894100904465,12714495,-1
347.4093017578125,338.64422607421875,2.4326677322387695,328.2705078125,0.07369688898324966,5243647,-1
350.3345031738281,330.2788391113281,3.0773088932037354,343.3829345703125,0.03400476276874542,5506047,-1
351.2952880859375,316.2862854003906,3.2154762744903564,11.63946533203125,0.01784740574657917,8717311,-1
351.5191955566406,336.8437194824219,3.1513078212738037,190.05389404296875,0.058802176266908646,7275519,-1
351.5191955566406,336.8437194824219,3.1513078212738037,342.86260986328125,0.058802176266908646,7275519,-1
352.3316650390625,247.58740234375,6.453623294830322,273.0812683105469,0.07462349534034729,8979200,-1
355.4825134277344,337.4709167480469,2.661301851272583,242.68301391601562,0.05272986739873886,11731711,-1
355.4825134277344,337.4709167480469,2.661301851272583,349.2555236816406,0.05272986739873886,11731711,-1
355.9288635253906,288.1885070800781,2.1547632217407227,329.4053649902344,0.021408280357718468,13173247,-1
356.8680114746094,340.4427795410156,2.166079521179199,244.44679260253906,0.03168432042002678,13566463,-1
357.0739440917969,244.8809356689453,1.9954289197921753,129.8419952392578,0.027054470032453537,7602687,-1
357.37139892578125,298.3566589355469,2.165379762649536,340.04022216796875,0.02767532505095005,13500927,-1
357.41741943359375,331.2810363769531,11.305069923400879,194.13690185546875,0.07228923588991165,16056833,-1
360.376708984375,262.5498352050781,20.026947021484375,326.57904052734375,0.06967836618423462,7340546,-1
360.37762451171875,322.4192199707031,3.1263949871063232,319.7355651855469,0.04970300942659378,6685695,-1
365.14166259765625,306.54498291015625,2.065936803817749,169.78817749023438,0.045306622982025146,10158591,-1
367.13189697265625,252.75160217285156,6.224635124206543,335.0484924316406,0.048628415912389755,6357760,-1
367.2452392578125,366.3096008300781,2.195197820663452,69.39544677734375,0.052752114832401276,14549503,-1
367.9429931640625,250.05825805664062,2.551368474960327,329.136962890625,0.041379671543836594,8651519,-1
368.1484069824219,309.8190612792969,2.0666682720184326,170.48316955566406,0.031140564009547234,10158591,-1
371.5691223144531,249.51174926757812,2.0354020595550537,323.06817626953125,0.06420136243104935,9044479,-1
371.7259216308594,278.57733154296875,2.8259053230285645,323.5098876953125,0.025105739012360573,16057087,-1
375.62225341796875,254.93429565429688,2.0892128944396973,322.8372802734375,0.04245183616876602,10945023,-1
376.4227600097656,283.9387512207031,2.414264440536499,312.8345642089844,0.03150704503059387,4719359,-1
376.82745361328125,233.99916076660156,6.45208740234375,318.6366271972656,0.013443217612802982,8913664,-1
377.2752685546875,235.8587188720703,4.826251983642578,319.8728942871094,0.013670537620782852,4653568,-1
378.5235900878906,267.96478271484375,2.010033130645752,308.69378662109375,0.040140870958566666,8126975,-1
379.8591613769531,277.5061340332031,2.500516176223755,333.7327880859375,0.037100546061992645,7209727,-1
381.01861572265625,358.08172607421875,2.501727819442749,44.497406005859375,0.05395401641726494,7275263,-1
381.3410339355469,287.3391418457031,3.1222007274627686,350.28265380859375,0.031010473147034645,6554623,-1
382.6493835449219,341.9454040527344,2.3391292095184326,352.908203125,0.016343502327799797,2425599,-1
383.0198669433594,271.5181884765625,1.9642120599746704,328.40277099609375,0.05500606447458267,6488575,-1
383.66650390625,359.4206237792969,2.0343902111053467,41.912261962890625,0.040520768612623215,9044479,-1
384.09698486328125,267.179443359375,1.9816793203353882,333.5152893066406,0.03734831139445305,7143935,-1
385.31097412109375,332.29620361328125,2.582944869995117,332.84442138671875,0.01919996365904808,9569023,-1
385.6828308105469,344.6127014160156,1.8738609552383423,358.676513671875,0.023332789540290833,3080703,-1
386.8418273925781,294.0201721191406,2.5337469577789307,353.5489196777344,0.02974167838692665,8192767,-1
387.0857849121094,284.89984130859375,2.0119552612304688,321.54522705078125,0.042863085865974426,8192511,-1
387.2945251464844,289.610595703125,2.0796051025390625,19.35400390625,0.03579126298427582,10617343,-1
388.2361755371094,349.1661682128906,2.0306899547576904,28.4432373046875,0.05330635607242584,8913407,-1
390.7559509277344,288.3934020996094,1.9234546422958374,338.88818359375,0.06256216019392014,4981247,-1
391.26123046875,294.8009033203125,4.431271076202393,344.81005859375,0.03364933282136917,15204608,-1
391.8840026855469,306.9779052734375,1.95706045627594,18.8460693359375,0.033950503915548325,6226431,-1
391.9118347167969,301.79876708984375,2.152439832687378,321.9939880371094,0.034012384712696075,13107711,-1
392.0663146972656,327.42071533203125,1.9384469985961914,13.589813232421875,0.025254160165786743,5505535,-1
392.5289001464844,336.974853515625,3.681298017501831,16.568939208984375,0.041931938380002975,1769728,-1
394.00506591796875,318.4947509765625,1.9344269037246704,322.77740478515625,0.028808554634451866,5374463,-1
394.6974792480469,329.1400451660156,2.3408563137054443,5.508880615234375,0.05284791812300682,2425599,-1
395.0765075683594,305.39385986328125,1.9968690872192383,351.68182373046875,0.06107557192444801,7668223,-1
