40.36094665527344,226.282958984375,2.2760417461395264,168.94125366210938,0.01745031587779522,393983,-1
41.827606201171875,220.0769500732422,5.3869948387146,169.11175537109375,0.024790767580270767,12583424,-1
43.864933013916016,207.0655517578125,2.0931878089904785,194.38275146484375,0.014831515960395336,11076095,-1
45.626041412353516,199.2482147216797,1.8621774911880493,187.41957092285156,0.016026906669139862,2621951,-1
46.22669982910156,170.15896606445312,6.43624210357666,211.85891723632812,0.016189556568861008,8782592,-1
46.897891998291016,226.58201599121094,2.0721893310546875,156.8988800048828,0.01675804704427719,10355199,-1
48.69011306762695,231.82443237304688,1.9489067792892456,15.6337890625,0.020761830732226372,5898751,-1
48.69011306762695,231.82443237304688,1.9489067792892456,207.02520751953125,0.020761830732226372,5898751,-1
50.48720932006836,262.16644287109375,2.5445549488067627,148.6778106689453,0.021969081833958626,8520447,-1
50.745208740234375,204.82723999023438,2.720562696456909,10.9451904296875,0.015180249698460102,13304575,-1
51.0540657043457,191.8651885986328,2.654447078704834,28.29217529296875,0.017523104324936867,11535103,-1
51.0540657043457,191.8651885986328,2.654447078704834,193.39810180664062,0.017523104324936867,11535103,-1
51.13298797607422,229.58102416992188,1.970333456993103,350.24798583984375,0.016123849898576736,6685183,-1
51.57365798950195,166.08108520507812,3.367206573486328,219.5277099609375,0.0184785183519125,12059647,-1
52.887451171875,197.32208251953125,3.0131800174713135,18.134429931640625,0.016408376395702362,3998719,-1
53.52425003051758,217.78988647460938,3.5627193450927734,8.50335693359375,0.015787586569786072,16122879,-1
53.60660171508789,259.2098388671875,4.547026634216309,149.05477905273438,0.03558141738176346,328192,-1
54.36067199707031,212.61569213867188,30.353195190429688,174.33517456054688,0.02582123875617981,3932419,-1
54.486305236816406,163.3485565185547,2.1125686168670654,220.5549774169922,0.017829038202762604,11731455,-1
55.56309509277344,252.46083068847656,3.0585083961486816,329.2782897949219,0.017792705446481705,5112831,-1
55.93471145629883,236.28427124023438,2.3919663429260254,216.55516052246094,0.013970044441521168,3998463,-1
55.941253662109375,199.6454315185547,2.0029897689819336,24.177520751953125,0.023092923685908318,7864831,-1
55.95481491088867,269.7226257324219,2.312302350997925,144.77285766601562,0.024468783289194107,1573631,-1
56.097633361816406,211.32870483398438,3.728426456451416,9.19940185546875,0.01799800805747509,2687232,-1
57.11003112792969,195.91558837890625,2.5842034816741943,24.301910400390625,0.022031474858522415,9634559,-1
57.14668273925781,203.37001037597656,2.1305367946624756,23.034637451171875,0.015485658310353756,12386815,-1
57.14668273925781,203.37001037597656,2.1305367946624756,199.5828857421875,0.015485658310353756,12386815,-1
57.65658950805664,158.6959228515625,4.076961040496826,229.61917114257812,0.01627829484641552,9175296,-1
58.26521682739258,238.4937286376953,2.1071724891662598,211.9449462890625,0.015764707699418068,11534847,-1
58.709590911865234,250.9795684814453,2.221376657485962,168.3621826171875,0.014501742087304592,15401471,-1
58.98114776611328,159.38392639160156,1.963103175163269,228.7124481201172,0.015192876569926739,6423039,-1
59.89737319946289,199.00828552246094,2.957754135131836,22.0517578125,0.02158973552286625,2687999,-1
60.9697380065918,206.8994140625,3.5235707759857178,182.77651977539062,0.019941536709666252,15336447,-1
61.647396087646484,275.9267578125,2.2765583992004395,131.00404357910156,0.023946309462189674,459519,-1
61.66498947143555,156.8345489501953,1.9019415378570557,229.92373657226562,0.01393827237188816,4129279,-1
61.721858978271484,267.37396240234375,8.088552474975586,138.6728515625,0.03064197301864624,8585473,-1
61.807220458984375,220.2104949951172,1.9820196628570557,6.388427734375,0.013579368591308594,7143935,-1
62.58632278442383,262.6560974121094,2.020512104034424,289.6153259277344,0.0184037908911705,8520191,-1
63.62137222290039,257.7581787109375,4.945173263549805,271.9083251953125,0.02292775548994541,6423040,-1
64.00114440917969,260.4155578613281,20.249916076660156,146.7050323486328,0.027295496314764023,8126978,-1
64.19690704345703,198.43345642089844,2.2075936794281006,206.28799438476562,0.02449139952659607,14942719,-1
64.5644302368164,274.93060302734375,2.1974151134490967,134.3663787841797,0.02782333455979824,14615039,-1
64.62370300292969,174.6575469970703,2.609313726425171,32.2379150390625,0.016103463247418404,10289919,-1
64.690673828125,154.50723266601562,2.449765205383301,239.15077209472656,0.017798440530896187,5767935,-1
64.81307983398438,187.42739868164062,2.888700485229492,350.89764404296875,0.014798845164477825,984063,-1
64.9513931274414,220.6605682373047,5.374717712402344,171.2753143310547,0.01600620336830616,12452352,-1
65.85928344726562,243.41600036621094,2.019587755203247,202.6842041015625,0.015489950776100159,8520191,-1
66.22952270507812,224.7837371826172,2.5399200916290283,179.39947509765625,0.01753239706158638,8389375,-1
66.39521026611328,269.4130554199219,2.510310173034668,348.32342529296875,0.024269361048936844,7537407,-1
66.487548828125,234.1925506591797,2.365934371948242,358.18548583984375,0.01621844433248043,3212031,-1
66.52208709716797,265.41961669921875,2.050518274307251,110.37423706054688,0.019476713612675667,9568767,-1
66.88858032226562,199.57928466796875,1.9668209552764893,17.971649169921875,0.01870841719210148,6554111,-1
67.33502197265625,280.97821044921875,2.4685306549072266,121.10604858398438,0.022874552756547928,6292223,-1
68.03692626953125,248.8731231689453,3.260324478149414,345.4769287109375,0.024515260010957718,9700351,-1
68.54197692871094,195.70504760742188,1.8777201175689697,192.75880432128906,0.01509174145758152,3211775,-1
68.5692138671875,206.08230590820312,2.525315523147583,213.119140625,0.01869865506887436,7930623,-1
68.93527221679688,276.58331298828125,4.984971523284912,126.7176513671875,0.031682077795267105,7012864,-1
69.17412567138672,255.7415008544922,2.5391409397125244,161.25074768066406,0.018023781478405,8323839,-1
69.83684539794922,256.9820556640625,2.908700942993164,161.94296264648438,0.018243294209241867,1442815,-1
70.07997131347656,170.2980499267578,3.146836519241333,60.51904296875,0.021468069404363632,7144447,-1
70.67092895507812,197.05239868164062,2.050579071044922,192.60963439941406,0.018943188712000847,9568767,-1
71.30838775634766,217.84750366210938,3.89750075340271,170.90805053710938,0.023070255294442177,5898496,-1
71.43973541259766,158.16744995117188,2.0146872997283936,86.36676025390625,0.014071330428123474,8323583,-1
71.43973541259766,158.16744995117188,2.0146872997283936,239.06600952148438,0.014071330428123474,8323583,-1
71.6353759765625,247.0518798828125,2.0113437175750732,346.13641357421875,0.018903808668255806,8192511,-1
71.69190979003906,250.74818420410156,2.1485683917999268,353.8656005859375,0.022707028314471245,12976639,-1
71.95186614990234,219.7755889892578,1.9409875869750977,14.90838623046875,0.026035824790596962,5636607,-1
72.28814697265625,257.6388244628906,5.285827159881592,340.069580078125,0.01919356919825077,11207168,-1
72.90733337402344,232.2193145751953,3.079674482345581,106.2567138671875,0.017268119379878044,5571583,-1
73.26245880126953,149.02365112304688,2.011791944503784,233.60353088378906,0.01666223630309105,8192511,-1
73.40570831298828,176.80006408691406,2.1573808193206787,44.676055908203125,0.014710015617311,13238783,-1
74.3186264038086,269.39202880859375,1.940539002418518,178.62615966796875,0.01475592888891697,5571071,-1
74.64714813232422,274.1603698730469,2.8555946350097656,174.8645782470703,0.018612582236528397,132095,-1
74.64714813232422,274.1603698730469,2.8555946350097656,325.3492431640625,0.018612582236528397,132095,-1
75.0430908203125,218.20838928222656,2.073012113571167,9.17449951171875,0.022168664261698723,10355199,-1
75.21424865722656,168.4215850830078,2.3285717964172363,65.48080444335938,0.018510058522224426,2097919,-1
75.3071060180664,260.3287658691406,2.996419906616211,347.67047119140625,0.019343176856637,3605503,-1
75.33433532714844,171.66485595703125,1.8211233615875244,68.23764038085938,0.015860898420214653,983551,-1
75.6122055053711,192.09706115722656,2.8615219593048096,357.6144714355469,0.014989637769758701,263167,-1
75.88309478759766,226.76150512695312,6.373876571655273,99.91537475585938,0.020030736923217773,8061696,-1
75.88309478759766,226.76150512695312,6.373876571655273,358.4651794433594,0.020030736923217773,8061696,-1
76.36116027832031,204.59732055664062,2.560950517654419,182.74961853027344,0.01794920302927494,8979199,-1
76.40116882324219,245.19219970703125,1.850759506225586,186.9552459716797,0.01516737136989832,2163199,-1
77.09062194824219,255.57667541503906,2.495650053024292,347.6023254394531,0.01669713482260704,7078655,-1
77.33678436279297,250.89413452148438,2.3102364540100098,358.3659362792969,0.016864467412233353,1508095,-1
77.47383880615234,271.0675354003906,2.204257011413574,337.6714172363281,0.023569917306303978,14811647,-1
79.12117004394531,246.5271453857422,2.696287155151367,2.7386474609375,0.020589759573340416,12649215,-1
79.2757568359375,260.4593811035156,2.87687611579895,349.25811767578125,0.013381082564592361,656383,-1
79.9205093383789,212.91180419921875,2.448777437210083,342.3804931640625,0.020185405388474464,5702399,-1
80.09278869628906,203.79010009765625,3.03914213180542,11.895416259765625,0.02492973580956459,4654079,-1
80.29344177246094,254.32850646972656,6.884423732757568,340.3184509277344,0.0153066236525774,13632256,-1
80.881103515625,270.6297912597656,2.8026864528656006,333.6816101074219,0.01812845841050148,15467263,-1
80.97527313232422,273.853515625,1.9437716007232666,227.1280517578125,0.013557124882936478,5702143,-1
80.97527313232422,273.853515625,1.9437716007232666,315.2520751953125,0.013557124882936478,5702143,-1
81.35221099853516,196.26344299316406,3.185647487640381,128.65769958496094,0.014804954640567303,8061951,-1
81.35221099853516,196.26344299316406,3.185647487640381,288.6398620605469,0.014804954640567303,8061951,-1
81.40006256103516,176.16648864746094,2.671071767807007,28.11944580078125,0.02061070315539837,11993855,-1
82.14383697509766,241.51658630371094,2.67236590385437,331.2673034667969,0.014680617488920689,12059391,-1
83.7190170288086,249.90403747558594,3.9980294704437256,210.2378692626953,0.01666955277323723,7733504,-1
84.16373443603516,273.13995361328125,2.1755998134613037,228.8829803466797,0.01846384070813656,13894143,-1
84.16373443603516,273.13995361328125,2.1755998134613037,341.8465881347656,0.01846384070813656,13894143,-1
84.8608627319336,283.089599609375,10.347474098205566,121.48954772949219,0.04259611666202545,9699841,-1
84.87397003173828,209.53775024414062,5.108217239379883,346.5684814453125,0.0157273318618536,8782336,-1
84.9723892211914,197.5353546142578,1.8087570667266846,30.92755126953125,0.017838288098573685,524799,-1
85.12468719482422,176.8418731689453,2.5751864910125732,29.395904541015625,0.013607127591967583,9372415,-1
85.54019927978516,185.7554931640625,1.8267567157745361,218.4693603515625,0.0180637426674366,1245695,-1
86.01903533935547,260.1891174316406,2.057183027267456,156.00070190429688,0.020453425124287605,9830911,-1
86.10755157470703,188.38600158691406,4.015011310577393,276.9775085449219,0.01797398552298546,8061184,-1
86.46807861328125,235.1221466064453,2.377000570297241,169.65890502929688,0.017809970304369926,3539711,-1
86.5371322631836,180.89456176757812,5.039517879486084,124.18499755859375,0.014333036728203297,7799296,-1
88.30372619628906,185.44337463378906,2.0491466522216797,211.7523193359375,0.01640106737613678,9568767,-1
88.30372619628906,185.44337463378906,2.0491466522216797,326.448974609375,0.01640106737613678,9568767,-1
88.478271484375,263.7869873046875,2.4968833923339844,186.13702392578125,0.01669563166797161,7144191,-1
89.16146850585938,274.5284423828125,3.869615316390991,303.9346923828125,0.02806401439011097,5374208,-1
89.58611297607422,291.237060546875,2.1122841835021973,116.777587890625,0.036465391516685486,11731455,-1
89.97538757324219,268.5797119140625,2.3673601150512695,117.30537414550781,0.01692982390522957,3277567,-1
90.09919738769531,214.13307189941406,2.7895920276641846,209.18292236328125,0.01650203764438629,15139583,-1
90.09919738769531,214.13307189941406,2.7895920276641846,341.4879455566406,0.01650203764438629,15139583,-1
90.66693878173828,264.0711364746094,6.453005313873291,351.34039306640625,0.016837235540151596,8979200,-1
90.80359649658203,199.2230224609375,1.8750437498092651,112.70323181152344,0.01463127788156271,3146239,-1
90.80359649658203,199.2230224609375,1.8750437498092651,139.70045471191406,0.01463127788156271,3146239,-1
90.8721923828125,175.81394958496094,3.335777759552002,120.54229736328125,0.017022855579853058,11338751,-1
91.62796783447266,186.0231475830078,1.8370863199234009,355.696044921875,0.023271245881915092,1638911,-1
91.94832611083984,292.4188537597656,1.9827693700790405,110.0633544921875,0.03497929498553276,7143935,-1
92.1434326171875,143.9470977783203,3.0673410892486572,256.33062744140625,0.01683943346142769,5309439,-1
92.64802551269531,258.8960876464844,1.8130184412002563,350.60888671875,0.016696413978934288,655871,-1
92.85868072509766,224.4966583251953,1.8025782108306885,14.2149658203125,0.020755207166075706,262655,-1
93.14009857177734,157.03970336914062,22.791072845458984,251.3804168701172,0.03406435623764992,16646658,-1
94.28131866455078,216.889404296875,2.755901575088501,190.00576782226562,0.01475737988948822,14287615,-1
94.35165405273438,170.9515838623047,3.1548478603363037,99.67507934570312,0.017813151702284813,7341055,-1
94.65351867675781,288.990234375,2.641866445541382,173.6766815185547,0.014973250217735767,11207423,-1
94.80976867675781,194.54273986816406,2.1514618396759033,14.947052001953125,0.014872400090098381,13042175,-1
94.80976867675781,194.54273986816406,2.1514618396759033,210.38430786132812,0.014872400090098381,13042175,-1
95.00774383544922,257.3300476074219,1.877350091934204,351.41461181640625,0.014682654291391373,3211775,-1
95.24468994140625,264.6756286621094,1.9223425388336182,342.4940490722656,0.014771920628845692,4915711,-1
96.96073913574219,164.17999267578125,7.995837688446045,104.51718139648438,0.022312341257929802,7733505,-1
97.36461639404297,256.0343322753906,1.9733532667160034,359.20452880859375,0.014952781610190868,6816255,-1
97.46985626220703,250.33177185058594,2.138806104660034,354.93182373046875,0.01480874978005886,12648959,-1
97.56057739257812,172.58262634277344,5.027259826660156,101.219970703125,0.01856095902621746,7602688,-1
98.79667663574219,276.1855773925781,1.9880039691925049,24.563446044921875,0.01455181185156107,7340543,-1
98.8620376586914,287.4911193847656,3.367814779281616,309.49505615234375,0.01982365921139717,12059647,-1
99.30301666259766,223.4968719482422,2.3168234825134277,78.81512451171875,0.016950657591223717,1704703,-1
99.50637817382812,207.13674926757812,2.762317657470703,175.6156005859375,0.020925305783748627,14418687,-1
99.50637817382812,207.13674926757812,2.762317657470703,340.0198059082031,0.020925305783748627,14418687,-1
99.5938491821289,199.38882446289062,30.0814151763916,186.20639038085938,0.01996232196688652,3342595,-1
99.74425506591797,262.5517883300781,6.261795520782471,351.22247314453125,0.01758192479610443,6750976,-1
100.07009887695312,231.21336364746094,6.2657575607299805,192.2991943359375,0.014039527624845505,6816512,-1
100.21137237548828,212.9391632080078,3.921509265899658,190.42547607421875,0.02059025876224041,6357248,-1
100.45415496826172,245.58770751953125,1.859783411026001,140.2296600341797,0.018184293061494827,2556415,-1
100.55403137207031,295.5839538574219,2.4604156017303467,111.78680419921875,0.02966264635324478,6030079,-1
100.7094955444336,181.1970977783203,12.528563499450684,108.8016357421875,0.017731694504618645,6816513,-1
101.11869812011719,212.48948669433594,2.25238299369812,16.2391357421875,0.021036433055996895,16384511,-1
101.11869812011719,212.48948669433594,2.25238299369812,302.6067199707031,0.021036433055996895,16384511,-1
101.72967529296875,255.30503845214844,4.948098182678223,188.65017700195312,0.01371980644762516,6488576,-1
101.9857177734375,226.05055236816406,2.284374237060547,80.0321044921875,0.01564411260187626,721663,-1
101.9857177734375,226.05055236816406,2.284374237060547,168.0091552734375,0.01564411260187626,721663,-1
102.13838958740234,278.3992919921875,3.103564500808716,167.74053955078125,0.02105601131916046,6161407,-1
102.72264099121094,194.09078979492188,2.9375555515289307,217.06686401367188,0.016455700621008873,2163711,-1
103.14839935302734,154.4624786376953,1.9725124835968018,303.8133850097656,0.014079175889492035,6816255,-1
103.58189392089844,288.63800048828125,2.496147871017456,322.7316589355469,0.015179721638560295,7078655,-1
104.03404998779297,274.4618835449219,1.955574631690979,275.6813659667969,0.016545075923204422,6160895,-1
104.26568603515625,188.47225952148438,2.1814279556274414,203.05642700195312,0.017385128885507584,14090751,-1
104.85580444335938,224.70066833496094,2.0795738697052,332.21539306640625,0.016784874722361565,10617343,-1
104.9614486694336,270.3991394042969,3.8867299556732178,240.01385498046875,0.014985746704041958,5701888,-1
104.99043273925781,205.0357208251953,5.04701566696167,214.4119110107422,0.014019377529621124,7864832,-1
104.99652862548828,209.2740020751953,4.174824237823486,197.32577514648438,0.013926616869866848,10879232,-1
104.99652862548828,209.2740020751953,4.174824237823486,326.223876953125,0.013926616869866848,10879232,-1
105.06172943115234,171.33966064453125,2.004882574081421,101.86557006835938,0.01579580456018448,7930367,-1
105.82393646240234,279.3089599609375,2.0509703159332275,50.405059814453125,0.0220863725990057,9634303,-1
105.82393646240234,279.3089599609375,2.0509703159332275,174.3134307861328,0.0220863725990057,9634303,-1
106.15445709228516,294.305419921875,7.979687690734863,110.87689208984375,0.03970983251929283,7602433,-1
106.46121978759766,162.2135467529297,2.014378309249878,316.89898681640625,0.013661300763487816,8323583,-1
106.55785369873047,230.7188720703125,1.9068807363510132,169.9110565185547,0.01615474559366703,4325887,-1
107.41397094726562,222.02198791503906,2.861457586288452,163.1601104736328,0.016087394207715988,263167,-1
107.46218872070312,298.33819580078125,2.0832746028900146,108.82449340820312,0.031697098165750504,10748415,-1
107.48662567138672,211.1172332763672,1.975595474243164,175.82110595703125,0.013835971243679523,6881791,-1
107.83013153076172,291.2825622558594,2.9966254234313965,294.1922607421875,0.019761424511671066,3605503,-1
107.9425048828125,258.9310607910156,5.40975284576416,186.96780395507812,0.019652733579277992,12911104,-1
108.04631805419922,301.136962890625,2.233285427093506,108.61503601074219,0.028422843664884567,15794687,-1
108.07320404052734,281.13232421875,1.8573849201202393,49.049713134765625,0.02035398967564106,2425343,-1
108.96888732910156,228.43238830566406,1.929239273071289,200.7863006591797,0.013658113777637482,5177855,-1
109.91199493408203,208.8765869140625,2.4258134365081787,182.3494873046875,0.023445261642336845,5047039,-1
110.08009338378906,176.83949279785156,2.5639288425445557,97.37893676757812,0.021412983536720276,9044735,-1
110.54275512695312,252.8555450439453,1.8698265552520752,337.0442199707031,0.01560978963971138,2884095,-1
110.79955291748047,288.41192626953125,2.574162244796753,298.413818359375,0.016498509794473648,9306879,-1
110.94288635253906,218.2742919921875,2.018425703048706,170.5740203857422,0.0209640022367239,8454655,-1
110.95441436767578,247.03610229492188,2.6889376640319824,200.02554321289062,0.016249310225248337,12452607,-1
111.3336410522461,302.137939453125,2.1497485637664795,109.0565185546875,0.028774535283446312,12976639,-1
111.61995697021484,230.26751708984375,2.273033857345581,2.485504150390625,0.015597829595208168,328447,-1
111.61995697021484,230.26751708984375,2.273033857345581,207.77609252929688,0.015597829595208168,328447,-1
112.13003540039062,139.18370056152344,2.0617148876190186,260.82281494140625,0.03428855538368225,9961983,-1
112.21675872802734,188.55752563476562,2.3658063411712646,138.10382080078125,0.014986447989940643,3212031,-1
112.61860656738281,273.2289733886719,2.199605703353882,169.55474853515625,0.01584191992878914,14680575,-1
112.61860656738281,273.2289733886719,2.199605703353882,332.1177673339844,0.01584191992878914,14680575,-1
112.87730407714844,260.8387451171875,1.8191823959350586,3.99090576171875,0.014579340815544128,918015,-1
112.87730407714844,260.8387451171875,1.8191823959350586,167.5635528564453,0.014579340815544128,918015,-1
112.90229797363281,173.0877227783203,2.108055591583252,100.53125,0.04005452245473862,11600383,-1
113.11151885986328,265.798828125,3.17901873588562,179.1397247314453,0.015480734407901764,7865343,-1
113.38310241699219,135.84718322753906,2.743797540664673,260.51605224609375,0.018415072932839394,13959935,-1
113.42918395996094,165.28909301757812,2.7140567302703857,273.88824462890625,0.021694034337997437,13173503,-1
113.97028350830078,285.508544921875,2.583089590072632,178.25624084472656,0.01654644124209881,9569023,-1
114.75829315185547,248.06141662597656,2.5527968406677246,199.85296630859375,0.023420950397849083,8717055,-1
114.96306610107422,185.94146728515625,2.5741257667541504,137.41119384765625,0.015680046752095222,9306879,-1
115.49736785888672,272.2926940917969,1.9039252996444702,164.81790161132812,0.016101617366075516,4194815,-1
115.49736785888672,272.2926940917969,1.9039252996444702,331.228759765625,0.016101617366075516,4194815,-1
115.56441497802734,238.8648223876953,2.3104538917541504,210.5470428466797,0.013590794987976551,1508095,-1
115.77544403076172,197.37289428710938,3.866014242172241,177.3617706298828,0.015581334941089153,5308672,-1
116.29647827148438,294.2689514160156,3.7976720333099365,197.5782928466797,0.018749307841062546,3997952,-1
116.96881866455078,245.1560516357422,2.1446614265441895,160.8682403564453,0.013907468877732754,12845567,-1
116.96916961669922,287.3426818847656,2.3071236610412598,5.2200927734375,0.01820419728755951,1377023,-1
117.32352447509766,266.95941162109375,2.970292091369629,177.99981689453125,0.022615069523453712,2950143,-1
117.32352447509766,266.95941162109375,2.970292091369629,338.1304626464844,0.022615069523453712,2950143,-1
118.3443374633789,240.6094512939453,2.175457715988159,208.64273071289062,0.018209731206297874,13894143,-1
118.3443374633789,240.6094512939453,2.175457715988159,306.8883972167969,0.018209731206297874,13894143,-1
119.13565063476562,210.610595703125,2.058547019958496,157.43701171875,0.02040589414536953,9896447,-1
119.46045684814453,217.4090118408203,2.778285264968872,109.20492553710938,0.013702440075576305,14877439,-1
119.51133728027344,214.09033203125,2.00168514251709,105.23516845703125,0.016374114900827408,7864831,-1
119.51133728027344,214.09033203125,2.00168514251709,153.2154083251953,0.016374114900827408,7864831,-1
119.84632873535156,182.00901794433594,2.493819236755371,154.79440307617188,0.014514517970383167,7013119,-1
119.84632873535156,182.00901794433594,2.493819236755371,189.12132263183594,0.014514517970383167,7013119,-1
120.41033935546875,232.34913635253906,2.8769710063934326,7.6966552734375,0.020319420844316483,656383,-1
120.41033935546875,232.34913635253906,2.8769710063934326,162.54647827148438,0.020319420844316483,656383,-1
120.49504852294922,194.5987548828125,2.7641122341156006,172.08145141601562,0.02097252756357193,14484223,-1
120.83104705810547,221.05796813964844,1.8406141996383667,188.7673797607422,0.01378469355404377,1769983,-1
120.83104705810547,221.05796813964844,1.8406141996383667,311.67529296875,0.01378469355404377,1769983,-1
122.10415649414062,260.3713684082031,2.292508602142334,351.1464538574219,0.017509743571281433,918271,-1
123.05692291259766,253.04782104492188,2.2975833415985107,134.23204040527344,0.01626758463680744,1114879,-1
123.35380554199219,267.2452087402344,4.73850679397583,193.23439025878906,0.014235282316803932,3342848,-1
124.09246063232422,189.2172088623047,2.6732497215270996,185.31517028808594,0.01689119078218937,12059391,-1
124.13023376464844,216.0819549560547,7.2704596519470215,156.0085906982422,0.014380279928445816,852225,-1
124.32998657226562,229.70816040039062,2.9830501079559326,166.11346435546875,0.019944045692682266,3277823,-1
124.49396514892578,237.1490478515625,5.183178424835205,174.78347778320312,0.01610097847878933,9830912,-1
124.49971008300781,196.23910522460938,3.0258209705352783,172.01377868652344,0.013480186462402344,4326399,-1
124.55740356445312,248.5614013671875,2.28266978263855,1.06829833984375,0.016286658123135567,656127,-1
124.55740356445312,248.5614013671875,2.28266978263855,133.9736785888672,0.016286658123135567,656127,-1
125.24251556396484,262.20904541015625,2.11735200881958,193.86032104492188,0.017513664439320564,11928063,-1
125.33125305175781,266.82574462890625,2.039764404296875,187.5285186767578,0.016777846962213516,9241087,-1
125.34098815917969,213.55950927734375,3.7962100505828857,144.78524780273438,0.01890084333717823,3997952,-1
125.83299255371094,296.5080261230469,10.713850975036621,88.56497192382812,0.04291923716664314,12190209,-1
125.92979431152344,148.16207885742188,1.8436956405639648,200.05429077148438,0.013728966936469078,1901055,-1
126.21343994140625,138.13693237304688,3.336644411087036,265.100830078125,0.019742930307984352,11404287,-1
126.48766326904297,204.59747314453125,2.3627896308898926,211.3406219482422,0.024013642221689224,3146495,-1
127.53446197509766,208.16102600097656,2.3923025131225586,207.61651611328125,0.03343934193253517,3998463,-1
128.13693237304688,218.32847595214844,1.859765887260437,163.55520629882812,0.013434311375021935,2556415,-1
128.2352294921875,248.55496215820312,2.122971296310425,357.42779541015625,0.013685683719813824,12124671,-1
128.57774353027344,195.57801818847656,1.8904297351837158,163.9374542236328,0.01744554564356804,3736063,-1
128.71267700195312,185.18704223632812,1.9040569067001343,157.33905029296875,0.018001236021518707,4260351,-1
128.71267700195312,185.18704223632812,1.9040569067001343,340.5763854980469,0.018001236021518707,4260351,-1
128.7509765625,166.41259765625,4.83809757232666,9.391448974609375,0.014925171621143818,4850176,-1
128.9488983154297,233.84132385253906,2.1390180587768555,170.65316772460938,0.015799231827259064,12648959,-1
129.3283233642578,231.31597900390625,1.9442518949508667,170.58541870117188,0.019059550017118454,5767679,-1
129.3283233642578,231.31597900390625,1.9442518949508667,350.35137939453125,0.019059550017118454,5767679,-1
129.5,262.48175048828125,2.8215768337249756,191.7573699951172,0.027442265301942825,15991551,-1
129.5,262.48175048828125,2.8215768337249756,337.11138916015625,0.027442265301942825,15991551,-1
129.52125549316406,167.07369995117188,2.4900331497192383,231.4608917236328,0.01596149615943432,6947583,-1
129.56776428222656,172.93885803222656,1.8733608722686768,8.00189208984375,0.016116397455334663,3080703,-1
129.56776428222656,172.93885803222656,1.8733608722686768,218.39498901367188,0.016116397455334663,3080703,-1
129.84678649902344,296.4962158203125,2.101060152053833,30.28204345703125,0.013478118926286697,11338239,-1
130.53590393066406,209.1614227294922,1.8995790481567383,75.82086181640625,0.0163402296602726,4063743,-1
130.78822326660156,134.8435516357422,2.198061227798462,277.5174865722656,0.015592511743307114,14615039,-1
131.48080444335938,178.1683349609375,2.1214566230773926,301.40576171875,0.013849004171788692,12059135,-1
131.87677001953125,259.16851806640625,2.2244009971618652,301.47528076171875,0.016009081155061722,15467007,-1
132.04287719726562,236.0809326171875,2.088740110397339,169.7459259033203,0.017039883881807327,10945023,-1
132.97618103027344,263.6643981933594,2.0661182403564453,342.0297546386719,0.02370501682162285,10158591,-1
133.56906127929688,192.2483673095703,2.42789626121521,358.3390808105469,0.014603804796934128,5112575,-1
134.01077270507812,198.5487060546875,2.9473538398742676,231.7610626220703,0.0343521311879158,2425855,-1
134.16119384765625,184.81980895996094,1.8850548267364502,146.2071533203125,0.018520917743444443,3473919,-1
134.471435546875,233.58828735351562,2.550227403640747,341.6285400390625,0.021237924695014954,8651519,-1
134.58912658691406,170.4645233154297,2.0857014656066895,304.732666015625,0.014976139180362225,10813951,-1
135.4340057373047,287.8911437988281,2.771045684814453,18.27105712890625,0.013944822363555431,14680831,-1
135.4340057373047,287.8911437988281,2.771045684814453,186.53106689453125,0.013944822363555431,14680831,-1
135.6622314453125,221.37203979492188,2.513843059539795,146.55259704589844,0.014027299359440804,7602943,-1
136.2298583984375,172.7484588623047,2.4535090923309326,332.7777404785156,0.018006762489676476,5833471,-1
136.91172790527344,280.92840576171875,5.116903305053711,293.4474792480469,0.014866786077618599,8913408,-1
137.05812072753906,155.98338317871094,2.4952619075775146,240.33261108398438,0.014003307558596134,7078655,-1
137.17967224121094,182.42518615722656,3.3421807289123535,144.47059631347656,0.01722857356071472,11469823,-1
137.17967224121094,182.42518615722656,3.3421807289123535,338.8743896484375,0.01722857356071472,11469823,-1
137.2647705078125,299.1471862792969,3.293818235397339,77.42889404296875,0.04115823283791542,10421247,-1
137.34796142578125,219.0550994873047,5.437763690948486,157.5095977783203,0.017872394993901253,13304320,-1
137.3927764892578,253.15325927734375,1.7959470748901367,177.06719970703125,0.014402111060917377,511,-1
137.67018127441406,232.8206024169922,2.334747552871704,341.9299621582031,0.016323048621416092,2294527,-1
137.68067932128906,215.0446319580078,1.899522066116333,295.3426208496094,0.015794843435287476,4063743,-1
138.0030517578125,238.28021240234375,2.197882890701294,1.498748779296875,0.018789174035191536,14615039,-1
138.0030517578125,238.28021240234375,2.197882890701294,183.29660034179688,0.018789174035191536,14615039,-1
138.07135009765625,193.64564514160156,4.854419231414795,229.87313842773438,0.03490527719259262,5046784,-1
138.5801544189453,162.01951599121094,2.307277202606201,89.88314819335938,0.014809023588895798,1442559,-1
138.6000518798828,270.4334716796875,2.537961721420288,2.7733154296875,0.01570633053779602,8323839,-1
139.0400848388672,209.146484375,4.7221360206604,95.03350830078125,0.038302719593048096,3080704,-1
139.9827117919922,230.17115783691406,5.808949947357178,196.45376586914062,0.013995137996971607,1377024,-1
140.04693603515625,272.7968444824219,6.179872512817383,291.0557556152344,0.014924325980246067,5833472,-1
140.3239288330078,253.66204833984375,2.083394765853882,177.91822814941406,0.014348470605909824,10748415,-1
140.33094787597656,179.84378051757812,1.9105497598648071,154.3494415283203,0.01671021059155464,4456959,-1
140.33094787597656,179.84378051757812,1.9105497598648071,330.66229248046875,0.01671021059155464,4456959,-1
140.46470642089844,164.82662963867188,2.1225221157073975,87.208251953125,0.013574198819696903,12059135,-1
141.20700073242188,200.55447387695312,6.983955383300781,228.13247680664062,0.040337394922971725,14680832,-1
141.87405395507812,172.50784301757812,2.162621021270752,159.50057983398438,0.017689883708953857,13435391,-1
141.87405395507812,172.50784301757812,2.162621021270752,278.01055908203125,0.017689883708953857,13435391,-1
141.9977264404297,140.2667999267578,5.376826763153076,275.06756591796875,0.019895341247320175,12452352,-1
142.0484161376953,183.57904052734375,3.122889995574951,311.76544189453125,0.014810352586209774,6620159,-1
142.0484161376953,183.57904052734375,3.122889995574951,335.66790771484375,0.014810352586209774,6620159,-1
143.0286865234375,250.88290405273438,2.9343101978302,181.3655242919922,0.018361391499638557,2098175,-1
143.0286865234375,250.88290405273438,2.9343101978302,331.61029052734375,0.018361391499638557,2098175,-1
143.2975616455078,221.0885009765625,2.331087827682495,164.86451721191406,0.022030314430594444,2163455,-1
143.8018341064453,255.6211700439453,3.145867109298706,174.3017578125,0.022935431450605392,7144447,-1
143.8018341064453,255.6211700439453,3.145867109298706,332.37164306640625,0.022935431450605392,7144447,-1
143.88978576660156,146.0705108642578,2.266885280609131,69.2799072265625,0.014223749749362469,131839,-1
144.01028442382812,135.82720947265625,2.7817957401275635,278.85321044921875,0.017552755773067474,14942975,-1
144.23876953125,179.58399963378906,2.9751460552215576,320.1365051269531,0.018237397074699402,3081215,-1
146.02340698242188,295.6720275878906,4.994790554046631,74.12884521484375,0.043223053216934204,7143936,-1
146.87095642089844,253.8304443359375,2.0260348320007324,335.0393371582031,0.015159492380917072,8716799,-1
146.87782287597656,247.14256286621094,4.058938980102539,152.85340881347656,0.01975736767053604,8847616,-1
147.97938537597656,164.38023376464844,1.8720754384994507,121.65632629394531,0.01568267121911049,3015167,-1
147.97938537597656,164.38023376464844,1.8720754384994507,294.11676025390625,0.01568267121911049,3015167,-1
148.10794067382812,161.48306274414062,2.310587167739868,104.5611572265625,0.01880205050110817,1508095,-1
148.1341552734375,188.0319061279297,2.147508382797241,239.53941345214844,0.04195864126086235,12911103,-1
148.26756286621094,157.81349182128906,2.707366704940796,105.77548217773438,0.019855687394738197,12976895,-1
148.561279296875,153.91453552246094,2.742135524749756,259.3436584472656,0.017430387437343597,13894399,-1
148.8903045654297,177.16293334960938,3.517080068588257,139.2666015625,0.022617002949118614,15205375,-1
150.08218383789062,235.43743896484375,4.1275715827941895,181.50515747070312,0.01348981074988842,10027264,-1
150.84701538085938,182.85702514648438,8.73139476776123,239.5575714111328,0.03565772622823715,14090497,-1
150.95266723632812,222.78396606445312,3.263317584991455,133.2203369140625,0.014178714714944363,9765887,-1
151.79624938964844,243.033203125,4.6590423583984375,152.4087677001953,0.013655333779752254,2097664,-1
152.46116638183594,160.82241821289062,1.816897988319397,119.57688903808594,0.014326854608952999,852479,-1
152.708984375,281.12396240234375,3.7665257453918457,196.37071228027344,0.015042887069284916,3408128,-1
152.74139404296875,155.22061157226562,2.0089995861053467,132.51661682128906,0.01358763873577118,8126975,-1
152.99273681640625,273.5610656738281,2.4302260875701904,189.87579345703125,0.018949968740344048,5178111,-1
154.68479919433594,139.33705139160156,2.8257696628570557,293.9254150390625,0.02427835389971733,16057087,-1
155.01173400878906,159.32139587402344,2.0970828533172607,121.73941040039062,0.022153865545988083,11207167,-1
155.27638244628906,270.1967468261719,2.1614863872528076,168.5597381591797,0.01340469904243946,13369855,-1
155.7001953125,234.10206604003906,4.168099880218506,202.3287353515625,0.015158502385020256,10748160,-1
155.7001953125,234.10206604003906,4.168099880218506,338.04327392578125,0.015158502385020256,10748160,-1
155.80178833007812,184.38340759277344,2.032942533493042,240.95872497558594,0.04307509958744049,8978943,-1
155.88853454589844,183.0215606689453,4.084531307220459,241.05322265625,0.03816580772399902,9306368,-1
156.13153076171875,144.06556701660156,3.6170976161956787,298.894775390625,0.033820267766714096,524544,-1
156.1661376953125,144.00660705566406,3.5518949031829834,298.3512268066406,0.033999454230070114,15926271,-1
156.33038330078125,156.76893615722656,1.9462555646896362,125.86929321289062,0.016609694808721542,5833215,-1
156.33038330078125,156.76893615722656,1.9462555646896362,290.2582092285156,0.016609694808721542,5833215,-1
156.5585174560547,206.89161682128906,2.605020761489868,85.89022827148438,0.01476842537522316,10158847,-1
158.27915954589844,186.19566345214844,2.4094913005828857,240.26779174804688,0.0251613836735487,4522751,-1
161.6688232421875,300.35162353515625,9.816130638122559,76.93234252929688,0.04949558153748512,5898753,-1
162.1372833251953,170.56607055664062,1.9042824506759644,290.5736999511719,0.017264313995838165,4260351,-1
162.85630798339844,147.5782012939453,2.231920003890991,300.4394836425781,0.022588778287172318,15729151,-1
163.04774475097656,167.78436279296875,2.3795928955078125,288.769775390625,0.01719084568321705,3670783,-1
163.17591857910156,205.8379364013672,3.055732011795044,97.19061279296875,0.01863597333431244,5047295,-1
164.5175018310547,184.2024688720703,2.264648675918579,262.8564453125,0.02442568726837635,66303,-1
164.73741149902344,173.06951904296875,1.9497264623641968,115.16827392578125,0.02049100026488304,5964287,-1
164.73741149902344,173.06951904296875,1.9497264623641968,297.98321533203125,0.02049100026488304,5964287,-1
167.3580780029297,151.15438842773438,2.9821813106536865,310.9125061035156,0.029554592445492744,3277823,-1
167.3782958984375,279.4101867675781,2.4458539485931396,351.3546142578125,0.018564818426966667,5636863,-1
169.67054748535156,257.40008544921875,2.104973554611206,355.5829162597656,0.01598868891596794,11469311,-1
169.7965850830078,205.97061157226562,1.9969663619995117,84.81246948242188,0.022242777049541473,7668223,-1
170.53672790527344,258.2636413574219,4.360953330993652,0.815155029296875,0.017299728468060493,14024960,-1
171.64288330078125,285.7945861816406,2.0402708053588867,224.1184844970703,0.014552050270140171,9241087,-1
171.64288330078125,285.7945861816406,2.0402708053588867,307.1802673339844,0.014552050270140171,9241087,-1
173.07257080078125,156.10330200195312,1.8178640604019165,313.11517333984375,0.022182079032063484,852479,-1
173.16787719726562,277.794921875,4.74022912979126,350.32489013671875,0.01896771974861622,3342848,-1
174.2790985107422,205.89321899414062,1.8524373769760132,265.5211181640625,0.022649623453617096,2228735,-1
174.4709014892578,287.044921875,1.9666515588760376,348.2874755859375,0.01708853244781494,6554111,-1
175.51388549804688,310.00189208984375,3.4005799293518066,143.15371704101562,0.04150720685720444,12780543,-1
175.914306640625,316.2306823730469,4.177978515625,136.91983032226562,0.03196800872683525,10944768,-1
177.84426879882812,182.12022399902344,4.9347968101501465,292.3523254394531,0.01478990912437439,6291968,-1
178.4784698486328,188.33262634277344,2.218433380126953,306.8204040527344,0.014502051286399364,15270399,-1
179.1228485107422,296.31787109375,2.0368940830230713,320.5252990722656,0.016754310578107834,9110015,-1
179.4711456298828,167.71060180664062,6.654049873352051,318.8324279785156,0.034742992371320724,11141888,-1
181.64697265625,228.84584045410156,1.9231127500534058,48.570831298828125,0.018924040719866753,4981247,-1
184.47328186035156,291.76934814453125,2.0309574604034424,330.6322937011719,0.014778198674321175,8913407,-1
187.56578063964844,200.10626220703125,5.300696849822998,310.70721435546875,0.01749715581536293,11469312,-1
188.0994415283203,171.07577514648438,1.9546867609024048,325.9188232421875,0.032222963869571686,6095359,-1
192.1459197998047,203.02133178710938,2.5898633003234863,92.31768798828125,0.013984257355332375,9765631,-1
192.1459197998047,203.02133178710938,2.5898633003234863,312.2281799316406,0.013984257355332375,9765631,-1
192.44821166992188,330.8154602050781,2.255481481552124,133.20916748046875,0.03119601309299469,16450047,-1
194.80906677246094,309.3068542480469,1.9469650983810425,327.5209045410156,0.016592372208833694,5833215,-1
195.80258178710938,221.69508361816406,2.3883237838745117,78.71923828125,0.02853083610534668,3932927,-1
197.3447265625,248.61387634277344,32.9273796081543,68.44351196289062,0.05712980777025223,9830659,-1
198.1380615234375,177.19329833984375,2.206990957260132,167.59707641601562,0.04759564995765686,14877183,-1
199.14817810058594,141.5061798095703,12.210487365722656,182.87646484375,0.09424962103366852,4915969,-1
199.14817810058594,141.5061798095703,12.210487365722656,304.4393310546875,0.09424962103366852,4915969,-1
199.34425354003906,190.6185302734375,2.6432297229766846,169.30787658691406,0.08966000378131866,11272959,-1
199.41616821289062,207.03379821777344,3.035235643386841,278.2319030761719,0.01386542059481144,4523007,-1
200.0955810546875,183.9433135986328,2.0652856826782227,161.89047241210938,0.04749621823430061,10093055,-1
202.25283813476562,218.00108337402344,2.3051631450653076,56.613128662109375,0.016258839517831802,1311487,-1
205.80178833007812,209.4996337890625,2.4551007747650146,49.74603271484375,0.021884432062506676,5899007,-1
206.46226501464844,212.60052490234375,2.131056547164917,50.539520263671875,0.024983322247862816,12386815,-1
206.75228881835938,222.16847229003906,3.4110734462738037,93.26937866210938,0.02275286428630352,12977151,-1
208.45217895507812,218.3760223388672,2.6820003986358643,99.15701293945312,0.01377257052809,12321535,-1
210.7384490966797,204.70773315429688,1.9015874862670898,46.473876953125,0.02676832303404808,4129279,-1
211.58160400390625,142.8494415283203,2.734452962875366,320.7576599121094,0.060375992208719254,13697791,-1
212.09764099121094,139.6502685546875,6.513749599456787,316.7882080078125,0.060530614107847214,9634560,-1
212.51234436035156,224.8790283203125,1.8962620496749878,112.3433837890625,0.021793341264128685,3932671,-1
212.8223876953125,220.63893127441406,2.718851089477539,98.323486328125,0.013651465065777302,13304575,-1
212.88685607910156,216.6974334716797,2.714688301086426,99.60003662109375,0.014726185239851475,13173503,-1
213.103759765625,330.7038879394531,2.0499420166015625,312.08807373046875,0.01702510379254818,9568767,-1
213.38221740722656,334.4490661621094,2.341536283493042,309.27288818359375,0.016869692131876945,2491135,-1
215.14979553222656,204.13058471679688,2.63852858543396,69.26162719726562,0.021215291693806648,11141887,-1
216.3411102294922,337.8759765625,3.9399096965789795,307.3336181640625,0.015516305342316628,6684928,-1
216.59902954101562,138.02622985839844,2.4462218284606934,219.13134765625,0.019326740875840187,5636863,-1
217.59950256347656,159.76797485351562,4.489762783050537,335.7482604980469,0.030986128374934196,16122112,-1
217.8455810546875,149.6966552734375,4.342659950256348,322.98931884765625,0.024049336090683937,13697280,-1
218.5080108642578,227.4375457763672,2.470421552658081,121.1490478515625,0.014631163328886032,6357759,-1
220.4161376953125,163.2085418701172,2.036801338195801,340.5393981933594,0.031743891537189484,9110015,-1
220.8927001953125,340.951904296875,2.2406108379364014,302.3956298828125,0.01472137589007616,15991295,-1
221.01577758789062,138.2487335205078,3.5372676849365234,224.5995635986328,0.03141951560974121,15598591,-1
221.25521850585938,156.71078491210938,3.288841724395752,333.1656799316406,0.034804292023181915,10355711,-1
221.83023071289062,229.41595458984375,1.8015060424804688,129.30419921875,0.0188581645488739,197119,-1
222.42071533203125,175.9855499267578,2.1305484771728516,348.5027160644531,0.01945035718381405,12386815,-1
223.95904541015625,213.2105255126953,11.01762866973877,61.155303955078125,0.02834368869662285,14221825,-1
223.97276306152344,144.57913208007812,2.5277152061462402,335.12060546875,0.015375321730971336,7996159,-1
224.59584045410156,183.06126403808594,2.783358573913574,358.9432678222656,0.02075069025158882,15008511,-1
224.7574920654297,154.8385467529297,1.889725923538208,349.5063781738281,0.019842946901917458,3670527,-1
224.7821044921875,168.0204620361328,3.126843214035034,346.166748046875,0.032150138169527054,6685695,-1
224.9409942626953,343.2552795410156,2.0587308406829834,301.40338134765625,0.019631456583738327,9896447,-1
225.3310089111328,224.69032287597656,2.576659679412842,296.23974609375,0.05584532767534256,9372415,-1
225.8645782470703,128.2437744140625,3.2636330127716064,228.42950439453125,0.020118314772844315,9765887,-1
226.28363037109375,160.16683959960938,2.2195801734924316,342.2536315917969,0.022555319592356682,15335935,-1
227.20492553710938,150.48826599121094,3.151319980621338,352.649169921875,0.01520445290952921,7275519,-1
227.3765869140625,142.8361053466797,2.605236530303955,333.71636962890625,0.019188497215509415,10224383,-1
228.1576690673828,179.56423950195312,2.393857479095459,232.99655151367188,0.02887677773833275,4063999,-1
229.35267639160156,345.8530578613281,1.9307283163070679,296.2524719238281,0.014076091349124908,5243391,-1
229.4495849609375,223.83233642578125,2.0514020919799805,315.3834228515625,0.016053633764386177,9634303,-1
230.0753936767578,202.99554443359375,2.764472007751465,70.67807006835938,0.024167757481336594,14484223,-1
230.1359405517578,235.01687622070312,1.9374799728393555,133.977294921875,0.0486055389046669,5505535,-1
230.26666259765625,153.84957885742188,2.0125720500946045,89.43585205078125,0.013530970551073551,8258047,-1
230.35507202148438,158.00270080566406,4.230690956115723,340.32293701171875,0.019172528758645058,11862272,-1
230.65945434570312,130.72720336914062,5.346656799316406,230.26040649414062,0.030247725546360016,12059136,-1
232.91180419921875,150.1930694580078,4.827009677886963,80.44033813476562,0.019930075854063034,4653568,-1
232.91180419921875,150.1930694580078,4.827009677886963,307.1601257324219,0.019930075854063034,4653568,-1
232.913818359375,142.75326538085938,2.5485570430755615,296.3013610839844,0.017145374789834023,8585983,-1
233.69602966308594,227.99456787109375,2.2022485733032227,315.0062561035156,0.015381294302642345,14746111,-1
234.4188232421875,155.83993530273438,2.4250175952911377,80.65228271484375,0.013630339875817299,4981503,-1
234.82904052734375,163.77490234375,16.70862579345703,269.32476806640625,0.050040919333696365,10944770,-1
234.82904052734375,163.77490234375,16.70862579345703,327.7706298828125,0.050040919333696365,10944770,-1
235.0642852783203,130.2599334716797,9.612109184265137,235.47828674316406,0.030561573803424835,4325889,-1
236.0122528076172,172.83731079101562,4.458496570587158,257.8028869628906,0.02637110836803913,15663360,-1
236.0352783203125,356.4788818359375,2.140855312347412,102.56265258789062,0.039578042924404144,12714495,-1
236.6221160888672,359.00994873046875,1.9970371723175049,100.919677734375,0.035526007413864136,7668223,-1
236.89427185058594,144.52664184570312,2.586043119430542,174.5834197998047,0.020857607945799828,9634559,-1
237.00088500976562,346.43170166015625,1.8650623559951782,294.32843017578125,0.018674103543162346,2753023,-1
237.31124877929688,177.50074768066406,3.090822696685791,258.0824890136719,0.022584648802876472,5833727,-1
237.55377197265625,148.57730102539062,2.077291965484619,175.23532104492188,0.018518496304750443,10551807,-1
237.55377197265625,148.57730102539062,2.077291965484619,343.0301513671875,0.018518496304750443,10551807,-1
237.77899169921875,199.99264526367188,1.9311249256134033,67.75277709960938,0.016913220286369324,5243391,-1
239.41973876953125,229.62892150878906,2.027813196182251,349.44879150390625,0.03095017559826374,8782335,-1
240.00111389160156,249.67176818847656,2.3325841426849365,131.32070922851562,0.016284804791212082,2228991,-1
240.13050842285156,238.74400329589844,2.4857215881347656,336.18035888671875,0.04877704754471779,6816511,-1
240.16427612304688,123.52452087402344,4.888721466064453,238.13925170898438,0.025260625407099724,5571072,-1
240.5537567138672,139.37818908691406,2.8700051307678223,341.7377014160156,0.022887416183948517,459775,-1
244.1580352783203,236.1887969970703,4.175887107849121,339.974609375,0.028164157643914223,10879232,-1
245.2074432373047,259.4695739746094,2.5165467262268066,142.4801483154297,0.013480229303240776,7668479,-1
245.2406005859375,172.18023681640625,1.833124041557312,261.3717041015625,0.027746684849262238,1507839,-1
245.3284149169922,126.35697174072266,2.8907792568206787,1.343963623046875,0.01445408072322607,984063,-1
245.34242248535156,134.45652770996094,5.463447093963623,7.27020263671875,0.020233890041708946,13632000,-1
248.96044921875,256.0408630371094,4.92283296585083,331.00762939453125,0.016721908003091812,6095360,-1
249.73471069335938,171.54351806640625,1.8337631225585938,261.55877685546875,0.015134747140109539,1507839,-1
250.98684692382812,361.0050354003906,2.066225528717041,94.03115844726562,0.038412388414144516,10158591,-1
251.09434509277344,269.03973388671875,3.484036684036255,161.70266723632812,0.018095288425683975,14484479,-1
252.2238006591797,135.1808319091797,2.4345812797546387,196.96060180664062,0.018591487780213356,5309183,-1
252.66647338867188,144.1676788330078,2.8708510398864746,343.5463562011719,0.01966783031821251,525311,-1
252.72727966308594,110.55735778808594,2.099496603012085,239.30043029785156,0.017653269693255424,11272703,-1
253.81036376953125,265.5185852050781,2.114362955093384,144.50233459472656,0.057316191494464874,11796991,-1
253.81036376953125,265.5185852050781,2.114362955093384,300.520263671875,0.057316191494464874,11796991,-1
254.08273315429688,158.61102294921875,2.949683666229248,186.6022491455078,0.020300278440117836,2491391,-1
254.72190856933594,112.45356750488281,2.2261767387390137,238.76377868652344,0.02500470168888569,15532543,-1
256.2962951660156,282.40679931640625,2.2304227352142334,207.58274841308594,0.08585678040981293,15663615,-1
256.9163513183594,161.29119873046875,2.0940282344818115,27.412445068359375,0.021165329962968826,11076095,-1
256.9163513183594,161.29119873046875,2.0940282344818115,181.28150939941406,0.021165329962968826,11076095,-1
257.1396789550781,142.60597229003906,2.916351079940796,343.8868408203125,0.01554578822106123,1639423,-1
258.2177734375,212.5361785888672,26.513341903686523,56.908721923828125,0.056537024676799774,10879746,-1
259.90447998046875,125.60639953613281,3.5207905769348145,185.92857360839844,0.016481565311551094,15270911,-1
261.9320983886719,216.54672241210938,30.162649154663086,59.19097900390625,0.055197980254888535,3539203,-1
262.00787353515625,167.74581909179688,1.9103739261627197,242.1999053955078,0.016847757622599602,4456959,-1
262.00787353515625,167.74581909179688,1.9103739261627197,332.17041015625,0.016847757622599602,4456959,-1
262.1236572265625,172.36302185058594,1.8943675756454468,284.2140197753906,0.019179506227374077,3867135,-1
263.6063537597656,118.04940032958984,2.0705792903900146,36.721343994140625,0.02224585972726345,10289663,-1
263.6063537597656,118.04940032958984,2.0705792903900146,189.33189392089844,0.02224585972726345,10289663,-1
264.38421630859375,176.7737274169922,3.369084596633911,287.2018127441406,0.021919148042798042,12059647,-1
264.5352783203125,169.37863159179688,2.0488498210906982,299.1938781738281,0.015381119213998318,9503231,-1
264.98480224609375,139.3678741455078,2.3709847927093506,173.69430541992188,0.013543687760829926,3408639,-1
265.1368713378906,125.82555389404297,2.132866621017456,57.872955322265625,0.01669391803443432,12452351,-1
265.1368713378906,125.82555389404297,2.132866621017456,191.214599609375,0.01669391803443432,12452351,-1
265.1851806640625,353.7364196777344,2.5841596126556396,265.804931640625,0.023099372163414955,9634559,-1
265.8847961425781,133.8852081298828,2.5179998874664307,183.5171661376953,0.014038514345884323,7734015,-1
266.3796081542969,145.2717742919922,3.695297956466675,135.50355529785156,0.013521352782845497,2031872,-1
267.57159423828125,104.0343246459961,1.821833848953247,251.36935424804688,0.01452336460351944,1049087,-1
268.26959228515625,280.4971923828125,3.3392226696014404,336.880126953125,0.018267398700118065,11469823,-1
268.3543395996094,139.8655242919922,2.8309028148651123,171.87208557128906,0.017147015780210495,16188159,-1
268.5237731933594,121.80817413330078,2.1627488136291504,229.93435668945312,0.01700250804424286,13435391,-1
268.9017639160156,106.24144744873047,2.323892116546631,253.88809204101562,0.017825551331043243,1901311,-1
268.9339599609375,138.87977600097656,4.128437519073486,14.52764892578125,0.01691479980945587,10092800,-1
268.9339599609375,138.87977600097656,4.128437519073486,175.51443481445312,0.01691479980945587,10092800,-1
269.183837890625,132.23532104492188,2.6002511978149414,179.8886260986328,0.014932161197066307,10027775,-1
269.89410400390625,353.04144287109375,2.5344743728637695,258.6010437011719,0.025347983464598656,8192767,-1
269.9448547363281,124.72081756591797,2.000321388244629,191.847900390625,0.021219586953520775,7799295,-1
269.9448547363281,124.72081756591797,2.000321388244629,227.8928985595703,0.021219586953520775,7799295,-1
269.9448547363281,124.72081756591797,2.000321388244629,346.55596923828125,0.021219586953520775,7799295,-1
269.990234375,127.03178405761719,2.003675699234009,181.3359375,0.022800099104642868,7930367,-1
273.6394348144531,163.41993713378906,1.8007646799087524,225.40512084960938,0.01890094205737114,197119,-1
273.6394348144531,163.41993713378906,1.8007646799087524,287.3643493652344,0.01890094205737114,197119,-1
273.9658203125,332.71868896484375,12.059183120727539,180.60655212402344,0.02628120221197605,4064001,-1
274.2328186035156,144.8056640625,2.074592351913452,17.2525634765625,0.01568538323044777,10420735,-1
274.5547180175781,141.5186004638672,1.8812578916549683,17.690887451171875,0.013845925219357014,3342847,-1
275.2336730957031,166.69590759277344,4.912385940551758,262.95660400390625,0.015611088834702969,5964288,-1
276.0036926269531,157.71607971191406,6.7964396476745605,269.1883544921875,0.024941014125943184,12714752,-1
276.2688903808594,121.04473114013672,2.057697057723999,39.31170654296875,0.017123419791460037,9830911,-1
278.8880615234375,342.96630859375,4.867004871368408,190.29345703125,0.025984978303313255,5243392,-1
279.01800537109375,344.8736572265625,3.7145862579345703,200.2624053955078,0.02652985416352749,2425088,-1
279.3952331542969,345.2518310546875,3.0870652198791504,204.1158447265625,0.026520272716879845,5768191,-1
279.4232177734375,163.63067626953125,2.607578754425049,253.4779052734375,0.01798529550433159,10289919,-1
279.62347412109375,152.05760192871094,1.972316026687622,144.6005096435547,0.020502634346485138,6750719,-1
281.12957763671875,176.75784301757812,2.3684980869293213,309.6437072753906,0.014413034543395042,3277567,-1
282.46624755859375,135.36402893066406,2.0681002140045166,211.1910400390625,0.020366664975881577,10224127,-1
282.9744567871094,116.87390899658203,2.4541337490081787,193.14044189453125,0.017940593883395195,5899007,-1
283.3684997558594,318.9124450683594,1.964084267616272,181.33206176757812,0.02222416177392006,6488575,-1
284.02392578125,161.8148193359375,2.5037343502044678,273.76123046875,0.01797204464673996,7340799,-1
284.02392578125,161.8148193359375,2.5037343502044678,317.45751953125,0.01797204464673996,7340799,-1
284.8765563964844,144.48785400390625,2.432868480682373,198.3724365234375,0.01990443654358387,5243647,-1
284.9410705566406,137.37130737304688,2.4723923206329346,210.30821228027344,0.03264172747731209,6423295,-1
285.032470703125,326.37939453125,2.213291883468628,183.31393432617188,0.037400007247924805,15139327,-1
285.1375732421875,173.0645751953125,1.8221330642700195,226.1273956298828,0.013844563625752926,1049087,-1
285.1375732421875,173.0645751953125,1.8221330642700195,312.05426025390625,0.013844563625752926,1049087,-1
285.83416748046875,190.3712158203125,2.064664840698242,265.8111877441406,0.016959920525550842,10093055,-1
286.391845703125,182.2383575439453,2.1705877780914307,306.1870422363281,0.019101209938526154,13697535,-1
287.1734924316406,115.51374053955078,1.9241050481796265,18.187408447265625,0.014018410816788673,4981247,-1
288.0921325683594,127.83344268798828,3.115187644958496,20.793304443359375,0.024032561108469963,6423551,-1
288.326171875,318.8778076171875,8.14758586883545,184.94493103027344,0.06928311288356781,9109761,-1
288.326171875,318.8778076171875,8.14758586883545,294.00390625,0.06928311288356781,9109761,-1
288.7740478515625,193.90850830078125,12.486299514770508,117.80113220214844,0.06571489572525024,6554369,-1
288.9933776855469,110.62995910644531,14.114662170410156,266.9850158691406,0.021238772198557854,15401729,-1
289.7232360839844,123.58171844482422,2.5024149417877197,18.30181884765625,0.02220587246119976,7275263,-1
289.78466796875,146.54129028320312,3.9899775981903076,18.206787109375,0.026387065649032593,7602432,-1
290.0956115722656,100.61756134033203,3.3596363067626953,270.668701171875,0.015379139222204685,11863039,-1
290.2653503417969,344.0276184082031,1.985595941543579,52.50579833984375,0.04297266900539398,7275007,-1
290.35308837890625,104.50975036621094,3.0109527111053467,272.0479431152344,0.018002916127443314,3933183,-1
292.5479736328125,136.4488983154297,2.786297082901001,222.29925537109375,0.020230596885085106,15074047,-1
292.6268615722656,115.39806365966797,3.1190850734710693,37.436065673828125,0.01991351693868637,6489087,-1
292.9918212890625,129.70947265625,4.573224067687988,246.33779907226562,0.01894315704703331,786944,-1
293.400390625,327.65008544921875,20.046405792236328,52.721405029296875,0.08586007356643677,7406082,-1
293.51806640625,157.6768035888672,1.9169772863388062,111.51333618164062,0.022562144324183464,4719103,-1
294.1661682128906,169.29893493652344,6.657649517059326,308.9878234863281,0.0182508435100317,11207424,-1
295.2814025878906,117.90296173095703,1.8946716785430908,41.23272705078125,0.014234748668968678,3867135,-1
295.5610046386719,176.97998046875,3.312523603439331,254.7236785888672,0.01357614528387785,10879999,-1
296.1325988769531,149.85903930664062,4.471545696258545,22.071990966796875,0.017065031453967094,15859968,-1
296.3379211425781,181.95166015625,2.668243169784546,309.68328857421875,0.021341996267437935,11928319,-1
297.46630859375,211.1067352294922,2.063304901123047,133.7626495361328,0.02648692950606346,10027519,-1
299.40692138671875,335.1683654785156,5.16452169418335,50.601287841796875,0.04493597522377968,9568768,-1
301.12054443359375,183.49539184570312,6.320905685424805,309.96630859375,0.021448718383908272,7471872,-1
301.25738525390625,140.4155731201172,3.691432237625122,23.025634765625,0.01472331490367651,1966336,-1
301.25738525390625,140.4155731201172,3.691432237625122,90.14157104492188,0.01472331490367651,1966336,-1
301.25738525390625,140.4155731201172,3.691432237625122,147.14918518066406,0.01472331490367651,1966336,-1
301.46502685546875,121.55022430419922,1.9062429666519165,147.63241577148438,0.016874762251973152,4325887,-1
301.9132080078125,178.73968505859375,2.0129544734954834,33.863494873046875,0.014938224107027054,8258047,-1
301.9565124511719,212.4119110107422,2.081982374191284,137.14707946777344,0.02659514918923378,10682879,-1
302.8869934082031,115.16728973388672,5.055367946624756,100.76107788085938,0.015724685043096542,7995904,-1
303.42767333984375,147.11854553222656,2.021087408065796,257.07476806640625,0.016032759100198746,8520191,-1
303.4442443847656,181.1562042236328,2.0809624195098877,35.068115234375,0.013418530113995075,10682879,-1
303.5680236816406,150.0324249267578,1.9902228116989136,255.79542541503906,0.02004162222146988,7406079,-1
303.949951171875,153.0673065185547,1.8491442203521729,6.029022216796875,0.016324764117598534,2097663,-1
304.51068115234375,317.0536804199219,1.9662202596664429,290.5514831542969,0.013730683363974094,6554111,-1
305.00006103515625,102.09938049316406,4.737643718719482,280.6307373046875,0.02042771317064762,3342848,-1
305.24346923828125,158.44227600097656,3.9534707069396973,31.997314453125,0.014352795667946339,6947072,-1
305.6917419433594,215.6378173828125,3.1346938610076904,139.62294006347656,0.03147384524345398,6882303,-1
306.4708251953125,138.779296875,1.8887230157852173,169.423583984375,0.01766291819512844,3670527,-1
307.3662414550781,108.57090759277344,5.154855251312256,285.5119934082031,0.033733803778886795,9437696,-1
308.0904235839844,161.9303741455078,7.628608226776123,50.226470947265625,0.014695847406983376,4325633,-1
308.0904235839844,161.9303741455078,7.628608226776123,233.45098876953125,0.014695847406983376,4325633,-1
308.11224365234375,134.111572265625,2.205353021621704,30.46026611328125,0.024277690798044205,14877183,-1
308.20556640625,186.48619079589844,1.9669164419174194,262.742919921875,0.01724054478108883,6554111,-1
308.55230712890625,110.87982940673828,2.06589674949646,104.19427490234375,0.0233035646378994,10158591,-1
308.8893127441406,104.30884552001953,2.114323377609253,286.9486999511719,0.018436040729284286,11796991,-1
309.08734130859375,329.1472473144531,3.0714945793151855,49.41082763671875,0.04040387272834778,5374975,-1
309.1199951171875,322.04766845703125,2.4565112590789795,289.76519775390625,0.025961805135011673,5964543,-1
309.7366638183594,138.813232421875,2.0141441822052,6.1719970703125,0.01543816365301609,8323583,-1
309.80645751953125,151.67025756835938,2.6617820262908936,221.77037048339844,0.01555731799453497,11731711,-1
310.8179626464844,170.42828369140625,2.9700331687927246,48.1993408203125,0.02157009392976761,2950143,-1
310.8179626464844,170.42828369140625,2.9700331687927246,218.67588806152344,0.02157009392976761,2950143,-1
310.9781188964844,162.07485961914062,4.463034152984619,227.11167907714844,0.015044167637825012,15728896,-1
311.4054870605469,121.26616668701172,1.8799629211425781,35.632354736328125,0.03021213412284851,3277311,-1
311.95977783203125,223.90187072753906,2.4338958263397217,142.9163360595703,0.0353127121925354,5243647,-1
313.0061340332031,145.23558044433594,5.584590435028076,41.810394287109375,0.013645747676491737,15204864,-1
313.0061340332031,145.23558044433594,5.584590435028076,98.90386962890625,0.013645747676491737,15204864,-1
313.0061340332031,145.23558044433594,5.584590435028076,146.39817810058594,0.013645747676491737,15204864,-1
313.0061340332031,145.23558044433594,5.584590435028076,249.34674072265625,0.013645747676491737,15204864,-1
313.4267578125,152.7962646484375,3.187227964401245,42.547576904296875,0.021448828279972076,8061951,-1
313.4267578125,152.7962646484375,3.187227964401245,223.69973754882812,0.021448828279972076,8061951,-1
313.803955078125,234.98863220214844,3.8444888591766357,150.08151245117188,0.021700065582990646,4915456,-1
313.9001159667969,132.5082244873047,2.5124130249023438,162.59658813476562,0.01621342822909355,7602943,-1
314.108154296875,234.5855712890625,3.218571186065674,149.828125,0.021818365901708603,8782847,-1
314.16064453125,125.00209045410156,3.198093891143799,196.85316467285156,0.018632302060723305,8324095,-1
314.2066345214844,172.8489990234375,3.0575053691864014,47.409393310546875,0.017211100086569786,5047295,-1
315.1767272949219,104.45356750488281,6.193478107452393,290.43341064453125,0.019259272143244743,5964544,-1
315.20989990234375,243.0184326171875,8.210501670837402,149.29039001464844,0.02211192436516285,9634049,-1
315.55035400390625,136.0875244140625,2.715040683746338,218.4732208251953,0.01596139185130596,13173503,-1
315.6611022949219,323.9647216796875,3.141219139099121,46.6697998046875,0.054543305188417435,7013375,-1
316.29443359375,149.8018798828125,1.923073172569275,242.81338500976562,0.021460825577378273,4915711,-1
316.4023132324219,203.79031372070312,2.644094467163086,259.7221374511719,0.019179822877049446,11272959,-1
317.3735046386719,231.80636596679688,4.095840930938721,150.14541625976562,0.030906321480870247,9502976,-1
317.73834228515625,213.8247528076172,1.8964996337890625,290.6201477050781,0.014467693865299225,3932671,-1
318.40374755859375,126.25567626953125,2.897918939590454,197.54986572265625,0.02093622274696827,1180671,-1
318.5503845214844,239.92738342285156,2.2760515213012695,148.66256713867188,0.0219676923006773,393983,-1
318.6807861328125,121.56947326660156,2.431745767593384,153.641357421875,0.016473572701215744,5178111,-1
318.6807861328125,121.56947326660156,2.431745767593384,250.64022827148438,0.016473572701215744,5178111,-1
319.75567626953125,210.52410888671875,2.4886884689331055,287.3656311035156,0.014794808812439442,6882047,-1
320.1044006347656,167.5552520751953,4.832723140716553,178.09625244140625,0.023929709568619728,4719104,-1
320.1044006347656,167.5552520751953,4.832723140716553,219.77774047851562,0.023929709568619728,4719104,-1
320.13970947265625,218.83914184570312,2.3629281520843506,55.960052490234375,0.019840922206640244,3146495,-1
320.13970947265625,218.83914184570312,2.3629281520843506,278.9753112792969,0.019840922206640244,3146495,-1
321.22686767578125,238.16065979003906,3.212768316268921,149.0770721435547,0.03178027644753456,8651775,-1
321.39495849609375,141.0291290283203,2.522949457168579,94.84573364257812,0.02278159186244011,7865087,-1
321.39495849609375,141.0291290283203,2.522949457168579,190.9036865234375,0.02278159186244011,7865087,-1
321.39495849609375,141.0291290283203,2.522949457168579,298.84771728515625,0.02278159186244011,7865087,-1
321.45513916015625,177.6033477783203,2.572403907775879,102.18814086914062,0.02127208188176155,9306879,-1
321.72705078125,173.39031982421875,3.0462188720703125,234.55441284179688,0.030260667204856873,4785151,-1
322.031982421875,193.90298461914062,2.541285753250122,57.690765380859375,0.0191962793469429,8389375,-1
322.031982421875,193.90298461914062,2.541285753250122,242.9835662841797,0.0191962793469429,8389375,-1
322.18609619140625,119.09333801269531,2.6055057048797607,297.7087097167969,0.02027094177901745,10224383,-1
322.6265563964844,152.32781982421875,1.8499186038970947,173.12255859375,0.014933636412024498,2163199,-1
322.6265563964844,152.32781982421875,1.8499186038970947,210.35360717773438,0.014933636412024498,2163199,-1
323.05975341796875,135.16525268554688,1.952402114868164,58.80682373046875,0.02628418803215027,6029823,-1
323.05975341796875,135.16525268554688,1.952402114868164,158.69415283203125,0.02628418803215027,6029823,-1
323.3635559082031,169.51995849609375,1.9761642217636108,239.9363555908203,0.01849452219903469,6947327,-1
323.4349060058594,182.64492797851562,1.9500782489776611,178.04603576660156,0.02257690019905567,5964287,-1
323.6360168457031,186.7765350341797,2.3280980587005615,249.2738494873047,0.014013616368174553,2032383,-1
323.89776611328125,156.34890747070312,2.0123438835144043,215.92037963867188,0.018382756039500237,8258047,-1
323.9131774902344,250.9361114501953,1.952140212059021,156.97488403320312,0.015442888252437115,6029823,-1
323.93896484375,145.58990478515625,2.0611982345581055,117.46925354003906,0.017332715913653374,9961983,-1
323.93896484375,145.58990478515625,2.0611982345581055,224.85330200195312,0.017332715913653374,9961983,-1
324.2389831542969,116.57373809814453,2.050624370574951,301.81475830078125,0.016318446025252342,9568767,-1
325.0942687988281,195.80381774902344,1.9525009393692017,226.7544708251953,0.017018979415297508,6029823,-1
325.1067810058594,206.86265563964844,6.388696670532227,259.2195129394531,0.020351380109786987,8258304,-1
326.08660888671875,136.95848083496094,2.948573350906372,204.85806274414062,0.025121212005615234,2425855,-1
326.31048583984375,191.1004180908203,3.1453964710235596,58.2357177734375,0.015379701741039753,7144447,-1
326.31048583984375,191.1004180908203,3.1453964710235596,252.19033813476562,0.015379701741039753,7144447,-1
326.6141052246094,169.2522735595703,1.837260127067566,203.0653076171875,0.02201705612242222,1638911,-1
326.676513671875,153.8538818359375,1.878231406211853,322.56097412109375,0.019903022795915604,3211775,-1
326.86822509765625,249.5039825439453,2.5484588146209717,41.365936279296875,0.04554816335439682,8585983,-1
327.4574279785156,123.68456268310547,4.622208118438721,298.4819641113281,0.02715134061872959,1507840,-1
327.6707458496094,239.1195068359375,12.387667655944824,43.425140380859375,0.051541298627853394,5964545,-1
327.72015380859375,180.96749877929688,2.5163285732269287,43.4742431640625,0.015714554116129875,7668479,-1
328.07928466796875,196.17750549316406,54.210140228271484,34.81915283203125,0.044874005019664764,12518147,-1
328.07928466796875,196.17750549316406,54.210140228271484,99.57418823242188,0.044874005019664764,12518147,-1
328.4597473144531,224.28614807128906,7.465564250946045,24.42095947265625,0.014605604112148285,2752769,-1
328.4597473144531,224.28614807128906,7.465564250946045,253.79083251953125,0.014605604112148285,2752769,-1
328.48614501953125,170.99293518066406,1.840371012687683,59.54400634765625,0.02624054066836834,1769983,-1
328.48614501953125,170.99293518066406,1.840371012687683,222.68524169921875,0.02624054066836834,1769983,-1
329.2937927246094,224.1787109375,3.4911258220672607,250.06698608398438,0.01341710053384304,14681087,-1
330.15130615234375,131.27645874023438,2.3934221267700195,30.1697998046875,0.019930237904191017,4063999,-1
330.15130615234375,131.27645874023438,2.3934221267700195,210.53602600097656,0.019930237904191017,4063999,-1
330.2559814453125,116.80923461914062,2.2672252655029297,306.58770751953125,0.021075362339615822,131839,-1
330.8886413574219,213.6103057861328,5.022575855255127,254.65652465820312,0.02079164609313011,7537152,-1
331.1346130371094,126.32234954833984,1.9954283237457275,21.785552978515625,0.016933774575591087,7602687,-1
332.0076599121094,181.62677001953125,2.777585506439209,47.93988037109375,0.021248450502753258,14811903,-1
332.096435546875,136.34437561035156,4.247949600219727,198.89108276367188,0.014162492007017136,12124416,-1
332.4573669433594,164.8199920654297,11.895663261413574,190.65711975097656,0.018232306465506554,3080961,-1
332.4705810546875,154.48927307128906,2.7562363147735596,238.60784912109375,0.01904805190861225,14287615,-1
332.6553649902344,242.85028076171875,2.8240272998809814,40.83111572265625,0.029040232300758362,16057087,-1
333.4547119140625,143.65008544921875,1.8850955963134766,328.7535705566406,0.01770726591348648,3473919,-1
333.4911804199219,173.90170288085938,3.6502156257629395,61.52789306640625,0.015608473680913448,1179904,-1
334.47637939453125,202.21434020996094,10.47307300567627,142.98065185546875,0.015832718461751938,10551809,-1
334.47637939453125,202.21434020996094,10.47307300567627,222.9931640625,0.015832718461751938,10551809,-1
335.4246520996094,156.82595825195312,2.338534116744995,233.8733367919922,0.018312042579054832,2360063,-1
335.6759033203125,208.48904418945312,1.9625612497329712,238.33778381347656,0.02531062439084053,6423039,-1
336.2276916503906,218.89358520507812,5.335231781005859,50.160552978515625,0.018030567094683647,11928064,-1
336.2276916503906,218.89358520507812,5.335231781005859,214.97068786621094,0.018030567094683647,11928064,-1
336.23687744140625,181.56980895996094,2.5524165630340576,199.53712463378906,0.016516610980033875,8717055,-1
336.9634704589844,177.04437255859375,2.2779805660247803,60.888092041015625,0.019232124090194702,459519,-1
337.280517578125,139.58592224121094,1.9291861057281494,145.98533630371094,0.02206714265048504,5177855,-1
337.95843505859375,179.99685668945312,2.2437703609466553,236.51113891601562,0.01714189350605011,16122367,-1
338.3529052734375,210.62559509277344,2.458531379699707,242.01141357421875,0.024235324934124947,6030079,-1
338.4142761230469,154.5026092529297,2.7655322551727295,231.81585693359375,0.02047712914645672,14484223,-1
338.46478271484375,240.57725524902344,1.9757803678512573,40.9552001953125,0.028173279017210007,6881791,-1
339.6053161621094,148.34942626953125,2.3297810554504395,194.6613311767578,0.025270136073231697,2097919,-1
340.0206298828125,188.17562866210938,1.9378312826156616,226.27880859375,0.01381616573780775,5505535,-1
341.39361572265625,180.52041625976562,1.9768301248550415,205.31423950195312,0.02304193750023842,6947327,-1
341.5242919921875,172.76316833496094,1.9749367237091064,107.288818359375,0.024393374100327492,6881791,-1
341.5242919921875,172.76316833496094,1.9749367237091064,235.766357421875,0.024393374100327492,6881791,-1
341.7354431152344,190.86676025390625,3.0373759269714355,215.4335174560547,0.014815839007496834,4588543,-1
341.8575744628906,197.2098388671875,2.3383142948150635,21.54571533203125,0.025445302948355675,2360063,-1
341.8575744628906,197.2098388671875,2.3383142948150635,125.64729309082031,0.025445302948355675,2360063,-1
341.8575744628906,197.2098388671875,2.3383142948150635,176.8649444580078,0.025445302948355675,2360063,-1
342.17352294921875,183.5885772705078,1.8986387252807617,221.46490478515625,0.02134821191430092,3998207,-1
344.3371887207031,207.10360717773438,3.3481128215789795,217.0505828857422,0.015215011313557625,11600895,-1
344.4047546386719,180.04307556152344,2.0312795639038086,202.92926025390625,0.023739555850625038,8913407,-1
347.2385559082031,177.80213928222656,1.9615200757980347,329.3529052734375,0.017546381801366806,6357503,-1
347.2880859375,158.94493103027344,4.15713357925415,31.358306884765625,0.01958053931593895,10551552,-1
347.5283203125,174.0581817626953,3.965172290802002,199.74366760253906,0.0234494861215353,7143680,-1
347.88433837890625,185.1397247314453,2.097177743911743,243.03610229492188,0.01596321165561676,11207167,-1
347.9924621582031,166.80355834960938,3.9301609992980957,58.71856689453125,0.016916943714022636,6488320,-1
348.02496337890625,140.34259033203125,10.735671043395996,326.7152404785156,0.03164156153798103,12321281,-1
348.0736389160156,137.05206298828125,2.044269323348999,239.16226196289062,0.015137452632188797,9372159,-1
348.0736389160156,137.05206298828125,2.044269323348999,348.0762634277344,0.015137452632188797,9372159,-1
348.5198669433594,213.3423309326172,12.70383358001709,27.498199462890625,0.035198211669921875,7799553,-1
349.13623046875,228.05276489257812,2.094494581222534,38.02130126953125,0.028523745015263557,11141631,-1
351.9832763671875,223.85169982910156,2.036712646484375,30.7073974609375,0.0274621844291687,9110015,-1
354.025146484375,166.35369873046875,2.537156105041504,30.89544677734375,0.01565483585000038,8258303,-1
354.79754638671875,142.93426513671875,3.0455071926116943,338.89666748046875,0.02503359317779541,4785151,-1
354.9892272949219,180.70437622070312,17.5926570892334,2.842071533203125,0.03463008999824524,14680322,-1
356.10137939453125,155.45956420898438,8.115595817565918,340.4744567871094,0.02627621963620186,8847617,-1
357.71575927734375,203.47166442871094,4.3717570304870605,17.83465576171875,0.0351918525993824,14221568,-1
358.3428649902344,176.4331817626953,10.854816436767578,359.2782897949219,0.035779230296611786,13173249,-1
359.6155700683594,153.79666137695312,1.8808454275131226,346.23590087890625,0.03602147102355957,3342847,-1
362.34393310546875,162.4964599609375,2.4443206787109375,351.0713195800781,0.036814987659454346,5571327,-1
363.303955078125,184.799072265625,2.771347761154175,7.323272705078125,0.028126047924160957,14680831,-1
365.35186767578125,154.86395263671875,6.707576274871826,340.75042724609375,0.02272353693842888,11731712,-1
