2.570044994354248,216.45660400390625,2.0138797760009766,111.17521667480469,0.017243625596165657,8258047,-1
5.507251739501953,197.64723205566406,3.2160747051239014,275.83929443359375,0.018388107419013977,8717311,-1
5.929543972015381,197.15444946289062,3.9402077198028564,268.7119140625,0.018098922446370125,6684928,-1
13.22430419921875,245.92300415039062,12.935417175292969,100.88919067382812,0.025483785197138786,9110273,-1
15.949926376342773,234.64495849609375,2.9324398040771484,240.44525146484375,0.030387073755264282,2032639,-1
16.839672088623047,198.56906127929688,2.1505062580108643,261.7024841308594,0.013670273125171661,13042175,-1
21.757930755615234,198.10479736328125,2.1277518272399902,268.55889892578125,0.01834140717983246,12255743,-1
22.603567123413086,195.37753295898438,2.1665992736816406,269.6726989746094,0.013508535921573639,13566463,-1
26.140884399414062,207.5267791748047,2.592280626296997,278.024169921875,0.01441752165555954,9831167,-1
31.122495651245117,177.00079345703125,27.2370662689209,186.5367889404297,0.04181069880723953,12845826,-1
32.67545700073242,197.83761596679688,1.8639805316925049,268.32470703125,0.016343386843800545,2687487,-1
32.89042282104492,219.02345275878906,2.0382869243621826,83.60235595703125,0.014920881018042564,9175551,-1
45.07024383544922,179.99212646484375,2.225404739379883,185.72731018066406,0.04595564678311348,15532543,-1
46.046958923339844,181.63717651367188,4.049901485443115,177.4148712158203,0.04831177368760109,8651008,-1
46.44189453125,146.04629516601562,1.9490816593170166,202.34945678710938,0.031796667724847794,5898751,-1
46.63970184326172,168.92913818359375,11.117690086364746,168.30682373046875,0.05008185654878616,14877185,-1
47.011993408203125,193.4249267578125,2.4878339767456055,149.90145874023438,0.050162672996520996,6882047,-1
49.24335861206055,223.71823120117188,3.1221425533294678,258.9539794921875,0.04088858142495155,6554623,-1
49.56940460205078,175.43963623046875,2.7807555198669434,266.2276916503906,0.026896819472312927,14942975,-1
49.76844787597656,157.064697265625,5.297790050506592,156.42306518554688,0.04906120523810387,11403776,-1
49.93818664550781,189.4031219482422,5.519002914428711,159.12619018554688,0.05338110029697418,14352896,-1
50.08480453491211,210.79762268066406,2.125311851501465,286.9367370605469,0.014289737679064274,12190207,-1
50.96650695800781,193.45045471191406,2.423626661300659,140.46878051757812,0.04689352959394455,4981503,-1
51.40690994262695,278.00537109375,1.9084606170654297,198.24998474121094,0.027501346543431282,4391423,-1
51.66977310180664,283.35662841796875,1.8396927118301392,188.19146728515625,0.030912088230252266,1769983,-1
51.974178314208984,142.2895050048828,2.1978394985198975,227.3546905517578,0.04653989523649216,14615039,-1
52.14523696899414,240.56236267089844,1.930152177810669,148.65142822265625,0.028118332847952843,5243391,-1
52.65475082397461,227.270263671875,3.0423619747161865,81.87164306640625,0.026573125272989273,4719615,-1
52.68507385253906,275.4254455566406,1.845491647720337,208.36769104003906,0.02653394639492035,1966591,-1
52.78083801269531,145.10586547851562,1.9064178466796875,58.722381591796875,0.01544178556650877,4325887,-1
53.52821350097656,222.48989868164062,2.094133138656616,186.77157592773438,0.019350901246070862,11141631,-1
55.079593658447266,246.520263671875,2.1661746501922607,148.60891723632812,0.023327117785811424,13566463,-1
55.58401870727539,181.0513153076172,2.1681978702545166,240.0980682373047,0.015184108167886734,13631999,-1
55.6462287902832,188.32008361816406,12.362963676452637,187.1945343017578,0.0673399269580841,5833473,-1
56.1487922668457,239.2694091796875,3.2424542903900146,149.62484741210938,0.021896306425333023,9307135,-1
56.482566833496094,284.0043029785156,4.356016159057617,215.51467895507812,0.03209471330046654,13959424,-1
57.049076080322266,140.11888122558594,3.432438611984253,249.705810546875,0.04028591886162758,13435903,-1
57.65309524536133,254.3954315185547,1.8335040807724,328.6339111328125,0.017527436837553978,1507839,-1
57.971981048583984,218.06399536132812,2.1172826290130615,280.5501708984375,0.03128089755773544,11928063,-1
58.101890563964844,166.19920349121094,4.864243030548096,159.22340393066406,0.03152108192443848,5243392,-1
59.015872955322266,277.5262756347656,3.3600659370422363,209.05096435546875,0.03672585263848305,11863039,-1
59.02125549316406,273.1147155761719,2.2550294399261475,234.65774536132812,0.045044366270303726,16450047,-1
59.25038146972656,277.82476806640625,3.740530014038086,208.37994384765625,0.03636676073074341,2949376,-1
60.02358627319336,246.8512725830078,3.2783353328704834,106.67132568359375,0.021437063813209534,10093567,-1
60.59742736816406,258.300537109375,2.3049380779266357,316.17779541015625,0.02028086595237255,1311487,-1
61.10342025756836,260.0691833496094,3.767904043197632,312.65118408203125,0.019269634038209915,3473664,-1
61.417686462402344,142.28955078125,3.071704149246216,257.37091064453125,0.02304495871067047,5374975,-1
62.80848693847656,268.5235290527344,2.5676321983337402,247.66204833984375,0.01768455095589161,9175807,-1
62.867549896240234,194.9003143310547,2.994196653366089,70.43304443359375,0.06230269372463226,3539967,-1
63.82181167602539,186.68043518066406,2.6765105724334717,27.82208251953125,0.038796767592430115,12124927,-1
64.04417419433594,160.0162353515625,21.732563018798828,183.42324829101562,0.07086895406246185,13238786,-1
64.84535217285156,138.3582763671875,2.0324509143829346,279.415283203125,0.05184343084692955,8978943,-1
66.53484344482422,229.45880126953125,7.016759395599365,106.82034301757812,0.02226279489696026,15008512,-1
66.53484344482422,229.45880126953125,7.016759395599365,250.30538940429688,0.02226279489696026,15008512,-1
67.80879974365234,128.71046447753906,14.680163383483887,245.92330932617188,0.03728848323225975,1573122,-1
67.97872924804688,129.3583984375,13.759013175964355,247.6016845703125,0.037410639226436615,13566721,-1
68.10357666015625,265.1203308105469,1.90657639503479,309.41259765625,0.01910044439136982,4325887,-1
68.62509155273438,139.85879516601562,1.978951096534729,287.9665222167969,0.0359606109559536,7012863,-1
69.51043701171875,136.84066772460938,2.404788017272949,281.9150390625,0.045414119958877563,4391679,-1
70.714111328125,218.4213409423828,2.1049790382385254,150.73492431640625,0.02857537567615509,11469311,-1
70.86981201171875,196.60630798339844,2.644871473312378,182.3644256591797,0.033324506133794785,11272959,-1
71.94221496582031,178.68338012695312,2.0578646659851074,53.23370361328125,0.042131975293159485,9830911,-1
72.92879486083984,204.3458251953125,1.9687690734863281,130.7515106201172,0.03178992122411728,6619647,-1
73.96501922607422,184.09423828125,1.8308820724487305,195.07704162597656,0.03274262323975563,1376767,-1
74.63756561279297,216.31431579589844,3.936691999435425,358.0579833984375,0.039756111800670624,6619392,-1
75.98067474365234,138.926025390625,3.1048707962036133,212.43753051757812,0.022130168974399567,6161407,-1
76.053466796875,157.71546936035156,1.9352794885635376,303.02239990234375,0.05036768317222595,5374463,-1
76.36907958984375,200.62030029296875,2.708446741104126,190.30166625976562,0.02585187368094921,12976895,-1
77.13645935058594,160.87632751464844,1.8817195892333984,286.6954040527344,0.0208035409450531,3342847,-1
78.1041030883789,171.515380859375,5.402154922485352,69.9019775390625,0.04706571623682976,12780032,-1
80.04090118408203,128.05709838867188,1.8872114419937134,244.00027465820312,0.0303987767547369,3604991,-1
80.44474029541016,130.62411499023438,1.9462276697158813,242.93777465820312,0.04648374766111374,5833215,-1
80.77982330322266,173.3896026611328,2.211545467376709,79.39788818359375,0.05053885281085968,15073791,-1
80.77982330322266,173.3896026611328,2.211545467376709,353.5865478515625,0.05053885281085968,15073791,-1
82.13001251220703,156.69419860839844,3.728456974029541,29.7896728515625,0.043419383466243744,2687232,-1
82.29645538330078,215.02613830566406,6.144229888916016,101.98590087890625,0.04150018095970154,5374720,-1
82.29645538330078,215.02613830566406,6.144229888916016,201.52066040039062,0.04150018095970154,5374720,-1
83.77912902832031,191.88897705078125,10.10538387298584,13.551300048828125,0.052071958780288696,7995905,-1
83.77912902832031,191.88897705078125,10.10538387298584,201.1732635498047,0.052071958780288696,7995905,-1
85.71229553222656,231.19715881347656,5.291325092315674,140.86343383789062,0.027515040710568428,11338240,-1
85.71229553222656,231.19715881347656,5.291325092315674,249.68972778320312,0.027515040710568428,11338240,-1
86.07717895507812,181.3222198486328,2.456350088119507,205.94125366210938,0.03222477808594704,5964543,-1
86.07717895507812,181.3222198486328,2.456350088119507,298.66851806640625,0.03222477808594704,5964543,-1
88.4737319946289,161.31683349609375,8.270068168640137,212.43470764160156,0.06672690808773041,10158337,-1
89.11636352539062,131.2832489013672,6.727382183074951,272.2794189453125,0.05185629799962044,11993856,-1
90.15963745117188,305.91143798828125,6.803249359130859,75.61788940429688,0.0270518958568573,12780288,-1
90.40325927734375,293.66015625,7.86911153793335,7.454681396484375,0.04997512698173523,6619393,-1
90.95321655273438,214.52740478515625,1.9822323322296143,295.5544738769531,0.014919612556695938,7143935,-1
91.12390899658203,264.2601623535156,20.567445755004883,107.69781494140625,0.06822487711906433,9241090,-1
91.1624526977539,169.11245727539062,3.410295248031616,219.62831115722656,0.024743298068642616,12977151,-1
91.83985137939453,221.96493530273438,7.365539073944092,42.256805419921875,0.0385565347969532,1835265,-1
91.83985137939453,221.96493530273438,7.365539073944092,197.6059112548828,0.0385565347969532,1835265,-1
92.19615173339844,229.169189453125,2.609827995300293,11.72711181640625,0.04532056301832199,10355455,-1
92.4903335571289,179.80599975585938,1.9657633304595947,131.31329345703125,0.029708880931138992,6554111,-1
93.27350616455078,176.9281463623047,1.8132513761520386,267.4804382324219,0.02674311026930809,721407,-1
93.7553939819336,241.1201171875,10.418851852416992,110.57304382324219,0.04710404947400093,10158593,-1
93.9007339477539,210.34727478027344,2.1722638607025146,146.1190948486328,0.021868498995900154,13763071,-1
95.51313781738281,220.37234497070312,4.1521477699279785,43.662078857421875,0.04199835658073425,10486016,-1
96.91702270507812,215.34193420410156,2.344489812850952,299.19219970703125,0.04196885600686073,2556671,-1
98.00440216064453,155.4853515625,2.4886293411254883,268.3378601074219,0.02562054432928562,6882047,-1
98.20453643798828,192.53787231445312,9.540818214416504,15.949462890625,0.07017521560192108,3801601,-1
98.20453643798828,192.53787231445312,9.540818214416504,96.83029174804688,0.07017521560192108,3801601,-1
98.20453643798828,192.53787231445312,9.540818214416504,211.37960815429688,0.07017521560192108,3801601,-1
98.38813018798828,151.0654754638672,3.8117141723632812,85.93878173828125,0.0632261335849762,4325632,-1
99.24605560302734,228.09963989257812,6.868034362792969,36.9720458984375,0.06406201422214508,13435648,-1
99.80823516845703,202.3162384033203,1.9034913778305054,242.68759155273438,0.02848006971180439,4194815,-1
102.00545501708984,182.78311157226562,4.120042324066162,97.98770141601562,0.038101982325315475,9896192,-1
102.57276916503906,199.5327606201172,2.9737801551818848,225.4615478515625,0.01719866693019867,3081215,-1
102.99237060546875,240.16990661621094,3.7049996852874756,310.3494873046875,0.014584027230739594,2228480,-1
103.97787475585938,206.73558044433594,2.506754159927368,170.81732177734375,0.015249150805175304,7406335,-1
103.97787475585938,206.73558044433594,2.506754159927368,235.28939819335938,0.015249150805175304,7406335,-1
104.08015441894531,148.3270721435547,2.039086103439331,108.14349365234375,0.052373673766851425,9175551,-1
104.08015441894531,148.3270721435547,2.039086103439331,331.55126953125,0.052373673766851425,9175551,-1
105.10193634033203,120.51304626464844,15.728732109069824,265.57135009765625,0.04211774095892906,6553858,-1
106.12017059326172,129.38058471679688,1.8318367004394531,272.7220153808594,0.060169562697410583,1442303,-1
107.1656494140625,234.76724243164062,4.702543258666992,231.94464111328125,0.02296828292310238,2753024,-1
107.78534698486328,144.01658630371094,5.596155166625977,351.42791748046875,0.04645145684480667,15335936,-1
107.84660339355469,229.36517333984375,2.0964314937591553,353.8951110839844,0.028630660846829414,11207167,-1
109.62138366699219,236.80393981933594,1.974890947341919,331.554443359375,0.022613534703850746,6881791,-1
109.6488265991211,126.03585815429688,4.313546180725098,244.66078186035156,0.036031704396009445,13238528,-1
110.45698547363281,130.68409729003906,2.2396395206451416,248.89422607421875,0.029946422204375267,15991295,-1
111.6347885131836,248.24481201171875,14.670611381530762,107.08497619628906,0.060272689908742905,1507586,-1
111.68853759765625,249.50694274902344,12.703523635864258,107.82449340820312,0.060679998248815536,7799553,-1
112.8462142944336,230.49530029296875,1.8850692510604858,213.32736206054688,0.013804785907268524,3473919,-1
113.15348052978516,156.00286865234375,6.755837917327881,238.91036987304688,0.03389120474457741,12256000,-1
114.2382583618164,128.4588623046875,2.400332450866699,238.51844787597656,0.03842780739068985,4260607,-1
114.33783721923828,211.00425720214844,6.839248180389404,57.212432861328125,0.03273781016469002,13173504,-1
115.10983276367188,124.25048828125,3.377777576446533,241.19021606445312,0.031265128403902054,12256255,-1
115.26651763916016,261.4194030761719,1.853528618812561,116.61532592773438,0.013341921381652355,2294271,-1
116.40209197998047,186.91073608398438,1.8948930501937866,301.15289306640625,0.03582724556326866,3867135,-1
116.89904022216797,135.8610076904297,2.3448925018310547,211.19227600097656,0.025453025475144386,2556671,-1
117.29499053955078,173.41415405273438,4.805634498596191,0.351318359375,0.046821873635053635,4325888,-1
117.66983032226562,202.60391235351562,12.498366355895996,4.0791015625,0.045423246920108795,6619905,-1
117.66983032226562,202.60391235351562,12.498366355895996,207.75563049316406,0.045423246920108795,6619905,-1
119.1817855834961,219.8396453857422,8.262843132019043,54.429168701171875,0.06172792986035347,10092801,-1
119.1817855834961,219.8396453857422,8.262843132019043,216.12548828125,0.06172792986035347,10092801,-1
120.23775482177734,163.59938049316406,7.9178643226623535,6.718170166015625,0.05887991935014725,7012609,-1
120.23775482177734,163.59938049316406,7.9178643226623535,200.43032836914062,0.05887991935014725,7012609,-1
121.91142272949219,138.4997100830078,2.1319994926452637,133.17909240722656,0.013884511776268482,12386815,-1
122.5587158203125,155.5093231201172,2.183586597442627,73.29083251953125,0.03421131893992424,14156287,-1
122.9322509765625,173.0389862060547,2.8354432582855225,180.97853088378906,0.02477913536131382,16319231,-1
124.89246368408203,125.3759536743164,2.6699042320251465,278.0367736816406,0.044265300035476685,11993855,-1
125.06599426269531,209.33462524414062,1.9417577981948853,73.90838623046875,0.04991234093904495,5636607,-1
126.81172943115234,134.9283447265625,13.690088272094727,254.43785095214844,0.07921139150857925,13239041,-1
126.81172943115234,134.9283447265625,13.690088272094727,312.1192932128906,0.07921139150857925,13239041,-1
126.83634185791016,157.34503173828125,1.9882580041885376,87.50811767578125,0.05570891872048378,7340543,-1
128.4740447998047,212.10751342773438,3.3089852333068848,52.5986328125,0.04192550852894783,10748927,-1
128.4740447998047,212.10751342773438,3.3089852333068848,138.50369262695312,0.04192550852894783,10748927,-1
128.4740447998047,212.10751342773438,3.3089852333068848,292.9852294921875,0.04192550852894783,10748927,-1
128.59027099609375,158.12149047851562,3.9041390419006348,95.017333984375,0.04609742388129234,6029568,-1
133.24267578125,194.75289916992188,8.784655570983887,8.162078857421875,0.0653023049235344,14549249,-1
133.24267578125,194.75289916992188,8.784655570983887,206.12130737304688,0.0653023049235344,14549249,-1
133.5182342529297,175.73716735839844,11.099833488464355,358.7931213378906,0.045092612504959106,14746113,-1
136.27029418945312,185.60958862304688,2.641571044921875,69.5634765625,0.02703920565545559,11207423,-1
137.0008544921875,142.0004425048828,3.138261556625366,359.349365234375,0.05698497220873833,6947839,-1
137.27490234375,205.7488555908203,6.008693218231201,214.6760711669922,0.021432869136333466,3801856,-1
138.75157165527344,220.35777282714844,1.9463777542114258,283.75482177734375,0.04966234788298607,5833215,-1
140.39622497558594,169.19020080566406,2.0841643810272217,6.66741943359375,0.0317256823182106,10748415,-1
141.175048828125,180.43893432617188,2.571249008178711,341.3577575683594,0.04613179713487625,9241343,-1
141.5778045654297,245.678955078125,2.599336624145508,221.86981201171875,0.018537890166044235,10027775,-1
142.9111785888672,216.92010498046875,2.174534559249878,74.16476440429688,0.03812268003821373,13828607,-1
142.9111785888672,216.92010498046875,2.174534559249878,133.29164123535156,0.03812268003821373,13828607,-1
142.9111785888672,216.92010498046875,2.174534559249878,233.88894653320312,0.03812268003821373,13828607,-1
143.25665283203125,242.7462921142578,4.495047092437744,209.30380249023438,0.018239811062812805,16253184,-1
143.7417449951172,156.8506622314453,5.973451137542725,49.99407958984375,0.04556901007890701,3343104,-1
144.41746520996094,174.8765869140625,5.231733322143555,351.9543151855469,0.04990389198064804,10486272,-1
145.1497344970703,188.89707946777344,5.050965785980225,179.63323974609375,0.023601055145263672,7930368,-1
145.7317352294922,146.8787384033203,2.365438938140869,208.05967712402344,0.048308148980140686,3212031,-1
146.7684783935547,183.4129638671875,2.587307929992676,283.5720520019531,0.03702442720532417,9700095,-1
147.28953552246094,227.15211486816406,6.109225749969482,19.338623046875,0.028078395873308182,4981504,-1
147.28953552246094,227.15211486816406,6.109225749969482,263.448974609375,0.028078395873308182,4981504,-1
149.64833068847656,241.6191864013672,3.4608776569366455,333.07183837890625,0.023333288729190826,14025727,-1
150.52952575683594,148.4622344970703,2.2828311920166016,344.0508117675781,0.014900620095431805,656127,-1
151.5441436767578,185.4648895263672,2.9128060340881348,284.3192138671875,0.03513903170824051,1573887,-1
152.0811767578125,217.92022705078125,4.754859447479248,260.0015869140625,0.021917220205068588,3604992,-1
155.42477416992188,231.4488525390625,6.159765243530273,16.105621337890625,0.04605788737535477,5571328,-1
155.74327087402344,142.8096923828125,6.000030040740967,220.829345703125,0.02149716205894947,3670784,-1
157.71780395507812,246.10702514648438,2.6385340690612793,301.9299011230469,0.042805638164281845,11141887,-1
158.5496063232422,236.79066467285156,1.809586763381958,194.32723999023438,0.025069335475564003,524799,-1
158.55752563476562,170.42092895507812,2.017364978790283,9.36248779296875,0.021408716216683388,8389119,-1
158.73912048339844,221.96731567382812,5.133575439453125,325.6921691894531,0.03732164204120636,9110016,-1
159.44163513183594,324.78973388671875,16.47015380859375,172.92984008789062,0.03519033268094063,9896194,-1
160.06492614746094,198.4928741455078,7.311106204986572,29.215728759765625,0.03217194601893425,1245441,-1
160.0770721435547,113.08113098144531,34.274078369140625,233.97938537597656,0.05101325362920761,12779779,-1
160.0770721435547,113.08113098144531,34.274078369140625,269.1881103515625,0.05101325362920761,12779779,-1
161.11036682128906,198.414794921875,6.27485466003418,28.85040283203125,0.03298097848892212,6947584,-1
161.1451873779297,241.56854248046875,4.088088512420654,195.85061645507812,0.015769753605127335,9371904,-1
161.4283447265625,223.2877655029297,2.0229835510253906,337.5063171386719,0.027719130739569664,8585727,-1
161.98390197753906,233.09506225585938,2.5887415409088135,183.47402954101562,0.022111959755420685,9765631,-1
164.00503540039062,165.99928283691406,10.684964179992676,90.594482421875,0.05446216091513634,11993601,-1
164.00503540039062,165.99928283691406,10.684964179992676,211.96649169921875,0.05446216091513634,11993601,-1
165.0052947998047,254.96197509765625,19.12589454650879,102.54580688476562,0.0479893796145916,3998210,-1
165.1524658203125,144.24761962890625,15.763808250427246,258.966796875,0.06495654582977295,6684930,-1
165.15963745117188,135.59217834472656,2.3171486854553223,261.03521728515625,0.018091976642608643,1704703,-1
166.31585693359375,172.0997314453125,2.044888734817505,209.8853759765625,0.0550868920981884,9372159,-1
166.64642333984375,234.41201782226562,8.069999694824219,190.52755737304688,0.017783107236027718,8388865,-1
166.7375946044922,203.95852661132812,5.663749694824219,29.050933837890625,0.053820203989744186,16253440,-1
168.50511169433594,329.62591552734375,1.926378846168518,190.01625061035156,0.039641447365283966,5046783,-1
168.55027770996094,190.00869750976562,2.3553693294525146,154.78997802734375,0.016424087807536125,2884351,-1
169.09844970703125,213.71327209472656,3.2680835723876953,170.20785522460938,0.018947573378682137,9896959,-1
169.3254852294922,231.31491088867188,2.4730377197265625,286.8410339355469,0.0193469375371933,6423295,-1
169.4549560546875,134.3426513671875,3.756723165512085,300.3487854003906,0.05057293549180031,3277056,-1
171.01678466796875,323.9363708496094,2.686013698577881,207.07662963867188,0.03772252798080444,12387071,-1
171.7535858154297,184.05795288085938,2.084080457687378,103.0501708984375,0.017625821754336357,10748415,-1
171.7535858154297,184.05795288085938,2.084080457687378,229.7713623046875,0.017625821754336357,10748415,-1
173.0590057373047,341.17596435546875,2.112595319747925,130.34512329101562,0.02860366739332676,11731455,-1
173.6531524658203,239.8188018798828,1.9442249536514282,341.86907958984375,0.020423458889126778,5767679,-1
173.8830108642578,156.2904815673828,1.9592036008834839,81.24667358398438,0.04894660785794258,6291967,-1
173.9850616455078,201.56153869628906,2.3926637172698975,209.30039978027344,0.026471851393580437,4063999,-1
173.9850616455078,201.56153869628906,2.3926637172698975,266.131591796875,0.026471851393580437,4063999,-1
173.9954071044922,133.5138397216797,2.304202079772949,310.2159423828125,0.0454292930662632,1311487,-1
174.1046142578125,186.10079956054688,1.8871774673461914,230.4246368408203,0.015524107031524181,3604991,-1
174.1302032470703,249.46151733398438,3.1450252532958984,8.6158447265625,0.019152652472257614,7078911,-1
174.1661376953125,208.23289489746094,6.53274393081665,204.59385681152344,0.02493928000330925,9831168,-1
174.6199951171875,196.9001007080078,4.892129421234131,98.74282836914062,0.04460717365145683,5636608,-1
174.90284729003906,322.2801513671875,2.0459115505218506,180.56520080566406,0.024531906470656395,9437695,-1
175.51296997070312,129.69082641601562,8.319395065307617,291.7175598144531,0.05867002159357071,10617089,-1
175.80506896972656,151.54148864746094,4.305049419403076,31.570404052734375,0.04016071930527687,13107456,-1
175.80506896972656,151.54148864746094,4.305049419403076,77.25662231445312,0.04016071930527687,13107456,-1
176.39967346191406,153.50164794921875,1.9062532186508179,46.864898681640625,0.040659427642822266,4325887,-1
176.39967346191406,153.50164794921875,1.9062532186508179,73.75775146484375,0.040659427642822266,4325887,-1
176.69137573242188,170.90084838867188,1.9338902235031128,221.65220642089844,0.015153557993471622,5374463,-1
177.35830688476562,252.71182250976562,2.3489718437194824,4.674835205078125,0.026435289531946182,2687743,-1
177.46788024902344,133.68994140625,1.9754537343978882,229.65866088867188,0.03253167122602463,6881791,-1
177.46788024902344,133.68994140625,1.9754537343978882,317.8720703125,0.03253167122602463,6881791,-1
177.59779357910156,314.8565979003906,3.1686620712280273,230.29150390625,0.021382346749305725,7668735,-1
178.36099243164062,331.75872802734375,1.9321988821029663,194.31466674804688,0.014188532717525959,5308927,-1
178.6324462890625,228.3472900390625,2.1409308910369873,0.823974609375,0.016794534400105476,12714495,-1
179.37156677246094,161.68246459960938,5.364336967468262,195.63021850585938,0.028864210471510887,12321280,-1
179.37156677246094,161.68246459960938,5.364336967468262,290.35479736328125,0.028864210471510887,12321280,-1
180.37416076660156,173.67230224609375,13.216885566711426,29.60797119140625,0.043530549854040146,10683137,-1
180.37416076660156,173.67230224609375,13.216885566711426,210.27703857421875,0.043530549854040146,10683137,-1
180.77159118652344,134.10638427734375,2.40244722366333,162.20156860351562,0.044543392956256866,4326143,-1
182.17652893066406,229.5682830810547,2.9777352809906006,246.85134887695312,0.03219747170805931,3146751,-1
182.19046020507812,154.9256591796875,5.494716167449951,289.88116455078125,0.038143306970596313,14025216,-1
182.2641143798828,212.064208984375,11.779633522033691,16.04522705078125,0.043756723403930664,2360065,-1
182.2641143798828,212.064208984375,11.779633522033691,202.99058532714844,0.043756723403930664,2360065,-1
182.73648071289062,322.6128845214844,2.6017656326293945,86.7471923828125,0.04050678759813309,10093311,-1
182.73648071289062,322.6128845214844,2.6017656326293945,255.9392547607422,0.04050678759813309,10093311,-1
182.76930236816406,326.25140380859375,1.9867095947265625,258.1920471191406,0.016419770196080208,7275007,-1
183.6209259033203,160.41429138183594,2.0457804203033447,291.99444580078125,0.03203940391540527,9437695,-1
184.6102294921875,329.9612731933594,5.542818546295166,223.0904541015625,0.01662524789571762,14680576,-1
184.96810913085938,188.58274841308594,2.095588207244873,5.885345458984375,0.048462383449077606,11141631,-1
185.0814666748047,147.98464965820312,1.8530620336532593,265.9212646484375,0.02106563001871109,2294271,-1
185.25706481933594,145.8994903564453,8.885579109191895,170.8409881591797,0.03237798437476158,15401217,-1
185.25706481933594,145.8994903564453,8.885579109191895,213.6200408935547,0.03237798437476158,15401217,-1
185.25706481933594,145.8994903564453,8.885579109191895,333.8632507324219,0.03237798437476158,15401217,-1
185.91595458984375,313.4568176269531,5.393589496612549,260.6808166503906,0.01994432881474495,12714496,-1
186.27488708496094,190.93565368652344,4.150016784667969,2.1895751953125,0.053436342626810074,10420480,-1
186.32496643066406,259.6822204589844,3.0114381313323975,12.60504150390625,0.025585703551769257,3933183,-1
186.3958282470703,245.47720336914062,2.7495129108428955,51.42578125,0.04539690166711807,14091007,-1
186.62445068359375,128.4344482421875,2.5562169551849365,243.9334716796875,0.02274930290877819,8848127,-1
186.7338104248047,111.33244323730469,2.160151243209839,237.40277099609375,0.030433204025030136,13369855,-1
187.4798583984375,113.87162780761719,2.0012779235839844,233.47763061523438,0.045985449105501175,7799295,-1
187.5105438232422,230.3665313720703,1.905733346939087,338.2427062988281,0.04325418546795845,4260351,-1
188.21388244628906,253.49969482421875,2.018193244934082,213.6145782470703,0.014218752272427082,8454655,-1
188.36439514160156,106.12054443359375,8.419071197509766,218.38388061523438,0.036878056824207306,11469057,-1
188.6223602294922,154.55020141601562,3.9432694911956787,175.20582580566406,0.020402301102876663,6750464,-1
189.1445770263672,200.7076416015625,4.085933208465576,312.2088623046875,0.04874998331069946,9306368,-1
189.29147338867188,336.651123046875,23.58466911315918,24.112396240234375,0.0915307104587555,2425602,-1
189.29147338867188,336.651123046875,23.58466911315918,159.812255859375,0.0915307104587555,2425602,-1
191.1166534423828,132.76564025878906,4.202179908752441,144.01675415039062,0.02401294745504856,11337984,-1
191.1166534423828,132.76564025878906,4.202179908752441,219.7904510498047,0.02401294745504856,11337984,-1
191.32220458984375,121.62982177734375,2.286773920059204,183.90985107421875,0.02007594332098961,787199,-1
191.89108276367188,177.03536987304688,3.1933047771453857,40.984588623046875,0.03273329883813858,8193023,-1
192.02145385742188,184.13670349121094,9.51318073272705,30.646514892578125,0.06041505187749863,3604993,-1
192.13710021972656,108.99919891357422,1.9331530332565308,244.5550537109375,0.04282189905643463,5308927,-1
193.1493377685547,103.43717956542969,1.9462097883224487,201.78379821777344,0.03046204149723053,5833215,-1
193.32208251953125,210.34127807617188,2.7687175273895264,48.22369384765625,0.05410511791706085,14615295,-1
193.9907684326172,232.61819458007812,1.9741019010543823,169.7274169921875,0.016716109588742256,6816255,-1
194.82896423339844,120.02094268798828,2.0348360538482666,193.33099365234375,0.023047175258398056,9044479,-1
194.89825439453125,217.36080932617188,6.992255687713623,29.668701171875,0.07013845443725586,14746368,-1
194.89825439453125,217.36080932617188,6.992255687713623,214.5784912109375,0.07013845443725586,14746368,-1
196.00726318359375,157.33529663085938,8.093210220336914,12.301513671875,0.041111208498477936,8651009,-1
197.28196716308594,100.86552429199219,2.207037925720215,218.3262176513672,0.058533232659101486,14877183,-1
198.1279296875,202.12582397460938,3.86155104637146,134.19105529785156,0.016901157796382904,5243136,-1
198.49832153320312,108.68283081054688,2.2947800159454346,255.7037811279297,0.02101942151784897,1049343,-1
198.73863220214844,240.38748168945312,2.6940762996673584,292.0694885253906,0.05084792524576187,12649215,-1
199.73797607421875,221.94557189941406,2.933445692062378,219.55177307128906,0.025918342173099518,2098175,-1
200.16067504882812,224.16793823242188,5.401660442352295,217.44131469726562,0.025232721120119095,12780032,-1
200.26980590820312,94.53193664550781,2.7079575061798096,237.36959838867188,0.02830604277551174,12976895,-1
200.8687286376953,139.29736328125,2.59027099609375,112.63583374023438,0.03437050059437752,9765631,-1
201.1788787841797,347.58203125,1.972325325012207,36.22784423828125,0.017131419852375984,6750719,-1
201.3773651123047,136.06234741210938,2.0233240127563477,114.10012817382812,0.029659640043973923,8651263,-1
201.58494567871094,240.71656799316406,4.058220386505127,283.66033935546875,0.04921592026948929,8847616,-1
201.95086669921875,104.90738677978516,4.591667175292969,212.00021362304688,0.027442391961812973,1049088,-1
202.2661895751953,212.94827270507812,2.399590253829956,193.75347900390625,0.026035305112600327,4260607,-1
202.2661895751953,212.94827270507812,2.399590253829956,218.7031707763672,0.026035305112600327,4260607,-1
204.591552734375,178.4149932861328,5.3487067222595215,191.43685913085938,0.033682480454444885,12059136,-1
204.591552734375,178.4149932861328,5.3487067222595215,260.27069091796875,0.033682480454444885,12059136,-1
204.71673583984375,267.3979187011719,12.99588680267334,101.5279541015625,0.059956613928079605,9437953,-1
205.2206268310547,175.47515869140625,1.8877514600753784,286.47100830078125,0.03714988753199577,3604991,-1
207.38803100585938,173.49681091308594,2.2882275581359863,285.2784729003906,0.04699007421731949,787199,-1
207.45396423339844,167.22470092773438,1.8949857950210571,150.64389038085938,0.01734999194741249,3867135,-1
207.54100036621094,154.1417694091797,8.770459175109863,194.43641662597656,0.05077604949474335,14418177,-1
207.8452911376953,193.55352783203125,13.906018257141113,199.4056396484375,0.03985569253563881,14353153,-1
209.64968872070312,189.51431274414062,2.0143067836761475,280.453125,0.016999058425426483,8323583,-1
210.1636962890625,113.35453033447266,24.633337020874023,291.0986328125,0.08128160983324051,5571330,-1
211.15536499023438,125.42616271972656,1.9223512411117554,1.0745849609375,0.04462077096104622,4915711,-1
211.39956665039062,224.95199584960938,13.110766410827637,6.262451171875,0.04057444632053375,10093313,-1
212.46519470214844,252.6204833984375,8.006240844726562,346.8015441894531,0.07453545182943344,7864577,-1
212.4965362548828,134.96826171875,3.788172483444214,40.55047607421875,0.04108326509594917,3866880,-1
212.5177001953125,100.40083312988281,10.651222229003906,222.78561401367188,0.07836762815713882,11796993,-1
212.5177001953125,100.40083312988281,10.651222229003906,310.0509948730469,0.07836762815713882,11796993,-1
213.3809814453125,262.5945129394531,2.0327000617980957,311.7937927246094,0.04482721909880638,8978943,-1
213.4713592529297,211.80162048339844,4.771897792816162,123.04522705078125,0.03530750051140785,3867136,-1
214.78175354003906,243.03695678710938,3.7357959747314453,129.800048828125,0.024310018867254257,2818304,-1
215.0325164794922,236.84661865234375,4.5929694175720215,69.3946533203125,0.028615238144993782,1049088,-1
215.0325164794922,236.84661865234375,4.5929694175720215,203.11819458007812,0.028615238144993782,1049088,-1
215.771240234375,216.163818359375,1.9364213943481445,259.973876953125,0.01938369870185852,5439999,-1
216.03395080566406,258.9101867675781,2.7823195457458496,238.83966064453125,0.03149033710360527,14942975,-1
216.14154052734375,331.5091552734375,15.522989273071289,2.993133544921875,0.0525788739323616,5570818,-1
216.47645568847656,136.98886108398438,2.919187307357788,187.21292114257812,0.021616138517856598,1704959,-1
217.0503692626953,145.16864013671875,3.5015835762023926,233.295654296875,0.01402375940233469,14877695,-1
217.34820556640625,151.2112274169922,2.1084210872650146,176.61553955078125,0.025351645424962044,11600383,-1
218.07794189453125,183.51629638671875,2.3038253784179688,17.88916015625,0.03710588812828064,1311487,-1
219.03529357910156,94.87132263183594,2.1469030380249023,311.210693359375,0.04061083868145943,12911103,-1
219.1448974609375,177.89559936523438,4.246028423309326,41.698638916015625,0.03643152117729187,12124416,-1
219.78428649902344,249.43272399902344,2.6356968879699707,156.54782104492188,0.013704136945307255,11010815,-1
220.9186553955078,140.41258239746094,2.0129072666168213,268.12750244140625,0.037730321288108826,8258047,-1
221.22341918945312,196.1428680419922,3.953693389892578,345.151611328125,0.04017830267548561,6947072,-1
222.70120239257812,143.36318969726562,2.0919628143310547,272.16607666015625,0.017760686576366425,11010559,-1
222.8186798095703,242.02569580078125,8.227651596069336,309.9726257324219,0.044109445065259933,9830657,-1
223.58766174316406,106.98709106445312,2.308908700942993,243.349853515625,0.08698981255292892,1442559,-1
223.58766174316406,106.98709106445312,2.308908700942993,355.8626708984375,0.08698981255292892,1442559,-1
224.03419494628906,200.0357666015625,6.284007549285889,327.78680419921875,0.042422134429216385,7013120,-1
225.2884063720703,137.98422241210938,3.055234670639038,128.12501525878906,0.025515150278806686,4981759,-1
225.6847381591797,128.70726013183594,5.003138065338135,128.94772338867188,0.018879804760217667,7275008,-1
225.6847381591797,128.70726013183594,5.003138065338135,167.91311645507812,0.018879804760217667,7275008,-1
226.50196838378906,210.85662841796875,2.7114365100860596,41.106842041015625,0.04729364439845085,13107967,-1
226.86268615722656,194.38885498046875,2.803750991821289,160.32354736328125,0.0294026006013155,15532799,-1
227.15684509277344,234.252197265625,4.142274856567383,323.759521484375,0.049030765891075134,10289408,-1
227.21728515625,116.17850494384766,4.292289733886719,26.79852294921875,0.026084527373313904,12910848,-1
227.25904846191406,161.13026428222656,16.48194694519043,200.80613708496094,0.03561460226774216,9961730,-1
227.49403381347656,107.4311752319336,2.6735904216766357,243.79534912109375,0.04366093501448631,12059391,-1
227.5460662841797,124.42811584472656,1.9106425046920776,117.68032836914062,0.03210849314928055,4456959,-1
229.3391571044922,216.94422912597656,6.916339874267578,28.08245849609375,0.07522474229335785,13959936,-1
229.61322021484375,225.66358947753906,2.5202062129974365,165.60513305664062,0.039445795118808746,7799551,-1
229.71533203125,250.8782958984375,12.036396026611328,301.0672302246094,0.04448465630412102,3932929,-1
229.87774658203125,191.900634765625,2.4181907176971436,162.99411010742188,0.025850607082247734,4784895,-1
230.36448669433594,177.58567810058594,1.872231125831604,186.05406188964844,0.01800508052110672,3015167,-1
231.1389617919922,268.7273864746094,2.699367046356201,243.28173828125,0.028331877663731575,12780287,-1
231.40040588378906,262.7137145996094,2.0087509155273438,69.7613525390625,0.019866811111569405,8126975,-1
231.88491821289062,139.95803833007812,4.0236897468566895,124.06985473632812,0.02581920474767685,8192256,-1
231.88491821289062,139.95803833007812,4.0236897468566895,137.83489990234375,0.02581920474767685,8192256,-1
232.29592895507812,124.1961898803711,5.858576774597168,14.2939453125,0.02617216669023037,1966848,-1
232.70648193359375,149.1539306640625,2.264853000640869,313.2646789550781,0.019440218806266785,66303,-1
233.3560028076172,131.98916625976562,3.489697217941284,340.4277648925781,0.04038568213582039,14615551,-1
233.50271606445312,170.28665161132812,3.168721914291382,71.14016723632812,0.02687048353254795,7668735,-1
233.60316467285156,128.70220947265625,2.0190465450286865,349.23309326171875,0.03259846940636635,8454655,-1
234.05198669433594,193.15663146972656,2.0271623134613037,172.8787841796875,0.015436535701155663,8782335,-1
234.0964813232422,145.2940673828125,2.0974385738372803,109.27003479003906,0.040366772562265396,11207167,-1
234.32225036621094,176.12353515625,3.628857374191284,69.15457153320312,0.03894447535276413,721152,-1
234.3674774169922,133.39918518066406,2.5653252601623535,337.80841064453125,0.04028485342860222,9110271,-1
234.44085693359375,186.06715393066406,6.816361427307129,187.38284301757812,0.0320063978433609,12911360,-1
236.54165649414062,127.78870391845703,2.5330379009246826,351.7528381347656,0.03581990674138069,8192767,-1
237.56271362304688,270.685546875,5.358309745788574,90.89093017578125,0.039421021938323975,12190208,-1
237.65052795410156,222.86087036132812,7.515842437744141,217.59779357910156,0.04525353014469147,3277057,-1
237.95143127441406,249.2849578857422,5.749624252319336,29.01019287109375,0.04653537645936012,590592,-1
237.95143127441406,249.2849578857422,5.749624252319336,290.03790283203125,0.04653537645936012,590592,-1
238.35679626464844,175.39956665039062,1.8865469694137573,295.505615234375,0.0494128093123436,3539455,-1
238.36793518066406,172.23886108398438,1.9898918867111206,92.95037841796875,0.06347865611314774,7406079,-1
239.0135498046875,102.97232055664062,2.367525815963745,281.2447509765625,0.040992602705955505,3277567,-1
240.59231567382812,111.04446411132812,8.707192420959473,305.6461486816406,0.07402753084897995,13893889,-1
240.63758850097656,140.11790466308594,2.1674931049346924,326.9429016113281,0.019457343965768814,13631999,-1
240.9569549560547,194.96839904785156,12.9281587600708,31.819183349609375,0.04208505526185036,9044737,-1
241.07171630859375,124.8453140258789,6.8749098777771,203.5762176513672,0.05326445773243904,13566720,-1
241.5758056640625,261.88946533203125,1.939393401145935,313.4364929199219,0.024807792156934738,5571071,-1
241.7151336669922,183.7068634033203,2.19291090965271,251.40634155273438,0.014657026156783104,14418431,-1
241.80142211914062,145.78167724609375,2.744551420211792,340.54254150390625,0.030167976394295692,13959935,-1
242.5499267578125,128.4923095703125,2.043431043624878,221.72335815429688,0.019896559417247772,9306623,-1
243.84844970703125,187.31027221679688,1.916176199913025,210.34054565429688,0.015961335971951485,4719103,-1
244.4002227783203,261.6579895019531,1.959991693496704,193.08843994140625,0.033569205552339554,6291967,-1
244.52610778808594,256.2231750488281,7.410409450531006,23.19989013671875,0.07011225819587708,2228481,-1
244.81349182128906,138.31710815429688,2.4272031784057617,51.116119384765625,0.023331185802817345,5047039,-1
244.8336181640625,112.29564666748047,5.0416579246521,317.50909423828125,0.0705963522195816,7799296,-1
244.8977508544922,130.65155029296875,2.250354290008545,223.49630737304688,0.021564768627285957,16318975,-1
244.95230102539062,204.74203491210938,4.764836311340332,6.542388916015625,0.0561615526676178,3736064,-1
244.9793243408203,106.16217803955078,2.571399211883545,309.5848083496094,0.04206164926290512,9241343,-1
244.9977569580078,225.4110870361328,12.844250679016113,153.85215759277344,0.03440667688846588,8585985,-1
244.9977569580078,225.4110870361328,12.844250679016113,209.90451049804688,0.03440667688846588,8585985,-1
245.21051025390625,123.908447265625,1.9739364385604858,177.37139892578125,0.025434060022234917,6816255,-1
247.07066345214844,108.30653381347656,1.8968013525009155,316.6116943359375,0.0419287271797657,3932671,-1
247.1675567626953,228.43603515625,3.3035354614257812,98.291748046875,0.02053355798125267,10683391,-1
248.05062866210938,143.288330078125,5.467142581939697,339.21258544921875,0.039931733161211014,13697536,-1
248.59701538085938,276.1732482910156,2.0305135250091553,128.29974365234375,0.03230829909443855,8847871,-1
248.88856506347656,170.40411376953125,5.6125168800354,18.51446533203125,0.04129594936966896,15598080,-1
249.80447387695312,237.8173065185547,4.444585800170898,209.28573608398438,0.0164543054997921,15401216,-1
249.81346130371094,173.80593872070312,2.59047794342041,9.2828369140625,0.04042171686887741,9765631,-1
250.91445922851562,180.15292358398438,3.689613103866577,319.55743408203125,0.027750849723815918,1966336,-1
251.0806427001953,264.6898498535156,5.9017558097839355,222.5179901123047,0.022299407050013542,2491136,-1
251.18019104003906,113.87097930908203,2.75100040435791,333.028076171875,0.051611773669719696,14156543,-1
251.28302001953125,202.7022705078125,4.9063286781311035,7.603485107421875,0.07776357978582382,5833216,-1
251.48899841308594,277.93011474609375,2.0177667140960693,120.9825439453125,0.029436184093356133,8454655,-1
251.76235961914062,185.52276611328125,7.021524906158447,38.047607421875,0.039137061685323715,15074048,-1
252.81158447265625,127.22325134277344,2.5795164108276367,201.1949462890625,0.01926051266491413,9503487,-1
252.8972930908203,146.4961395263672,12.08147144317627,348.3288879394531,0.032256368547677994,4195073,-1
253.310302734375,112.2134017944336,6.399134159088135,291.9570617675781,0.05146409198641777,8323840,-1
253.310302734375,112.2134017944336,6.399134159088135,315.75457763671875,0.05146409198641777,8323840,-1
253.4394073486328,166.59646606445312,2.5828030109405518,33.051788330078125,0.035978712141513824,9569023,-1
254.47691345214844,244.18191528320312,7.222239971160889,338.3527526855469,0.04652154818177223,393473,-1
254.73947143554688,244.0771942138672,7.04107141494751,339.3241271972656,0.04698291793465614,15270656,-1
255.89297485351562,273.5828857421875,2.377305507659912,103.299560546875,0.024360239505767822,3605247,-1
255.89297485351562,273.5828857421875,2.377305507659912,264.5752868652344,0.024360239505767822,3605247,-1
256.45654296875,122.50350952148438,8.21839427947998,289.50848388671875,0.06511785089969635,9765121,-1
256.9474792480469,279.341064453125,5.245646953582764,95.14263916015625,0.04895143210887909,10682880,-1
257.2400817871094,151.8033905029297,5.782105445861816,197.39764404296875,0.03172821179032326,983808,-1
257.92596435546875,121.33271789550781,6.513631343841553,288.887451171875,0.06560107320547104,9634560,-1
257.94580078125,173.45123291015625,8.323957443237305,13.547119140625,0.054924849420785904,10682625,-1
257.94580078125,173.45123291015625,8.323957443237305,201.98890686035156,0.054924849420785904,10682625,-1
258.12689208984375,109.52678680419922,12.570144653320312,296.264404296875,0.04612436518073082,7078657,-1
258.6426086425781,221.33285522460938,6.3243632316589355,31.31591796875,0.04056331887841225,7471872,-1
258.65106201171875,201.9959259033203,4.686397075653076,185.6065673828125,0.0311647467315197,2556416,-1
260.45892333984375,140.80841064453125,2.054189920425415,231.65240478515625,0.035711776465177536,9699839,-1
260.6092224121094,210.7117919921875,2.124948501586914,174.54832458496094,0.03900047764182091,12190207,-1
261.0107421875,136.86817932128906,2.0571413040161133,95.30514526367188,0.028799783438444138,9830911,-1
261.5142822265625,159.2210235595703,3.906282901763916,71.65557861328125,0.04393946751952171,6095104,-1
261.7059631347656,269.3070068359375,2.1631057262420654,45.0728759765625,0.027629675343632698,13435391,-1
261.7860107421875,108.66996765136719,15.855705261230469,294.1007080078125,0.04585970938205719,7143682,-1
262.8740539550781,120.79118347167969,1.9832839965820312,303.7146911621094,0.07988197356462479,7209471,-1
263.0673828125,118.048095703125,1.881852388381958,299.3717346191406,0.043339964002370834,3408383,-1
264.7273254394531,129.44483947753906,5.307414531707764,18.447998046875,0.05125804990530014,11534848,-1
265.25872802734375,162.5709991455078,3.224019765853882,76.433837890625,0.060440558940172195,8913919,-1
265.88824462890625,118.85318756103516,3.0458405017852783,251.98861694335938,0.049327507615089417,4785151,-1
265.88824462890625,118.85318756103516,3.0458405017852783,299.2593688964844,0.049327507615089417,4785151,-1
266.1963806152344,227.126953125,7.923501014709473,28.3804931640625,0.053788863122463226,7078145,-1
266.1963806152344,227.126953125,7.923501014709473,204.34912109375,0.053788863122463226,7078145,-1
266.1981506347656,197.7788543701172,8.563488960266113,188.64974975585938,0.03790384531021118,12714241,-1
266.4054260253906,148.47264099121094,2.1772146224975586,339.62774658203125,0.01983351819217205,13894143,-1
266.42095947265625,145.35047912597656,1.8621166944503784,321.8019104003906,0.02775760553777218,2621951,-1
266.9442138671875,268.7777404785156,1.9582496881484985,54.992034912109375,0.027883687987923622,6226431,-1
267.51434326171875,233.59771728515625,1.8533238172531128,187.16140747070312,0.01811921037733555,2294271,-1
267.6636657714844,142.3889617919922,2.1484076976776123,120.89584350585938,0.04574749991297722,12976639,-1
268.04656982421875,122.33854675292969,2.819101333618164,244.11981201171875,0.032214511185884476,15926015,-1
268.06512451171875,139.82003784179688,1.946287751197815,120.88766479492188,0.03311054781079292,5833215,-1
268.082763671875,269.39453125,4.080870628356934,227.21510314941406,0.02461613155901432,9240832,-1
268.3435974121094,167.38377380371094,4.222270488739014,238.61834716796875,0.03615027666091919,11665664,-1
269.18499755859375,277.73651123046875,8.470948219299316,89.71142578125,0.04744090512394905,11927809,-1
271.543212890625,162.19503784179688,3.547508716583252,107.21147155761719,0.047781262546777725,15795199,-1
272.21759033203125,190.19871520996094,1.909163475036621,294.9459533691406,0.018996041268110275,4391423,-1
272.3218994140625,263.8846435546875,2.1856653690338135,196.00936889648438,0.0214935764670372,14221823,-1
273.94134521484375,169.382568359375,1.949492335319519,29.86285400390625,0.023488547652959824,5964287,-1
273.94134521484375,169.382568359375,1.949492335319519,228.32818603515625,0.023488547652959824,5964287,-1
274.89105224609375,156.41293334960938,6.5020341873168945,120.09027099609375,0.036951106041669846,9503488,-1
274.9373779296875,208.73822021484375,1.8148927688598633,346.7640686035156,0.018595250323414803,786943,-1
275.2843933105469,255.67955017089844,2.5636346340179443,272.7819519042969,0.02206198126077652,9044735,-1
275.89837646484375,276.622802734375,1.8067944049835205,39.53497314453125,0.0142815001308918,459263,-1
276.5220642089844,151.36456298828125,1.9077380895614624,340.41168212890625,0.033481497317552567,4391423,-1
277.348876953125,129.40704345703125,1.9564226865768433,40.380889892578125,0.01636924408376217,6160895,-1
277.348876953125,129.40704345703125,1.9564226865768433,141.98829650878906,0.01636924408376217,6160895,-1
277.6060485839844,196.4517059326172,3.9369609355926514,131.11669921875,0.02705797739326954,6619392,-1
278.2229309082031,219.5514678955078,4.2757134437561035,83.24969482421875,0.026198048144578934,12583168,-1
278.3465270996094,224.51658630371094,3.5230228900909424,211.03802490234375,0.01911950297653675,15336447,-1
278.3465270996094,224.51658630371094,3.5230228900909424,259.204833984375,0.01911950297653675,15336447,-1
278.94879150390625,206.0051727294922,4.467294216156006,196.23558044433594,0.02321462146937847,15794432,-1
279.09375,125.18819427490234,10.065261840820312,273.35467529296875,0.07631435990333557,7668225,-1
279.09375,125.18819427490234,10.065261840820312,301.71148681640625,0.07631435990333557,7668225,-1
279.09429931640625,236.55833435058594,12.106913566589355,197.9429931640625,0.031282518059015274,4326145,-1
279.1522521972656,151.6659393310547,2.1608121395111084,339.610595703125,0.04426169767975807,13369855,-1
280.2306213378906,273.0454406738281,4.02026891708374,20.9512939453125,0.018450727686285973,8126720,-1
280.5435791015625,116.96392059326172,3.1548478603363037,281.26409912109375,0.036737456917762756,7341055,-1
281.7121276855469,120.52388000488281,2.237147808074951,287.3567810058594,0.047129690647125244,15860223,-1
282.1169128417969,189.90829467773438,6.018744945526123,18.805908203125,0.02703002840280533,3932928,-1
282.3797912597656,266.5196838378906,2.101247549057007,115.88040161132812,0.01668068952858448,11338239,-1
282.3797912597656,266.5196838378906,2.101247549057007,284.90667724609375,0.01668068952858448,11338239,-1
283.23590087890625,199.09474182128906,1.8624632358551025,182.3757781982422,0.018638471141457558,2621951,-1
283.88726806640625,180.63088989257812,1.983798861503601,340.58331298828125,0.015940912067890167,7209471,-1
284.2746276855469,223.62646484375,1.946427583694458,190.48599243164062,0.02564333751797676,5833215,-1
284.2746276855469,223.62646484375,1.946427583694458,290.09075927734375,0.02564333751797676,5833215,-1
284.2746276855469,223.62646484375,1.946427583694458,312.16217041015625,0.02564333751797676,5833215,-1
284.35321044921875,138.74119567871094,6.629249572753906,200.7967529296875,0.03875816613435745,10879744,-1
284.4533386230469,176.05918884277344,1.9281883239746094,180.54379272460938,0.02464538998901844,5112319,-1
284.4533386230469,176.05918884277344,1.9281883239746094,337.03668212890625,0.02464538998901844,5112319,-1
285.0911865234375,202.36700439453125,4.994844436645508,196.68917846679688,0.01839888095855713,7143936,-1
285.0911865234375,202.36700439453125,4.994844436645508,289.33251953125,0.01839888095855713,7143936,-1
287.7036437988281,265.367431640625,2.2296464443206787,79.40292358398438,0.020382244139909744,15663615,-1
288.6679992675781,161.92153930664062,3.7486138343811035,8.245849609375,0.03638628497719765,3080448,-1
288.6679992675781,161.92153930664062,3.7486138343811035,100.95590209960938,0.03638628497719765,3080448,-1
288.9659118652344,176.28897094726562,2.425323724746704,24.4493408203125,0.018238093703985214,5047039,-1
289.6119079589844,134.94508361816406,1.8796430826187134,225.62518310546875,0.029429150745272636,3277311,-1
289.9669189453125,197.29296875,1.9168777465820312,229.8323211669922,0.01424013264477253,4719103,-1
290.1862487792969,183.88070678710938,3.2298800945281982,39.89630126953125,0.023005010560154915,9044991,-1
291.61456298828125,244.39889526367188,3.0694174766540527,33.11712646484375,0.016044242307543755,5374975,-1
291.6294860839844,137.52134704589844,1.8459316492080688,225.66403198242188,0.019377827644348145,1966591,-1
291.9107360839844,186.65328979492188,1.9450582265853882,46.54229736328125,0.01775272935628891,5767679,-1
292.3973388671875,271.1505432128906,3.009768486022949,64.91464233398438,0.017849277704954147,3933183,-1
292.4673156738281,152.31643676757812,5.367240905761719,44.2147216796875,0.02405579574406147,12321280,-1
292.89593505859375,177.1487274169922,1.9567779302597046,27.1778564453125,0.02855617180466652,6226431,-1
292.90460205078125,218.3606414794922,2.4634082317352295,122.68618774414062,0.015516955405473709,6161151,-1
292.97412109375,198.26490783691406,2.8679463863372803,250.78826904296875,0.022395821288228035,459775,-1
293.8476257324219,251.1432647705078,6.239661693572998,317.0554504394531,0.013957896269857883,6488832,-1
294.1756286621094,131.24786376953125,3.26460337638855,276.17633056640625,0.03577070310711861,9831423,-1
294.51690673828125,238.04742431640625,1.8030064105987549,43.475372314453125,0.014557093381881714,262655,-1
295.6237487792969,124.19251251220703,8.573150634765625,273.98773193359375,0.05459761992096901,12779777,-1
295.68475341796875,188.22991943359375,8.308039665222168,19.08465576171875,0.04348822310566902,10486017,-1
295.68475341796875,188.22991943359375,8.308039665222168,144.1633758544922,0.04348822310566902,10486017,-1
295.68475341796875,188.22991943359375,8.308039665222168,228.6249237060547,0.04348822310566902,10486017,-1
296.12890625,231.8677215576172,2.007802724838257,181.0508575439453,0.014198771677911282,8061439,-1
296.7304992675781,267.5112609863281,5.187586784362793,53.77117919921875,0.019937068223953247,9896448,-1
297.7519226074219,173.3619842529297,1.863027811050415,140.96519470214844,0.01911773346364498,2621951,-1
299.7569885253906,157.94155883789062,8.138110160827637,214.96517944335938,0.053997453302145004,9044225,-1
300.4985656738281,147.5664825439453,3.7781569957733154,63.32891845703125,0.022445419803261757,3670272,-1
300.96466064453125,241.1090087890625,2.216104030609131,114.72433471679688,0.016648033633828163,15204863,-1
301.2099609375,236.2144012451172,5.170191287994385,99.01998901367188,0.018355637788772583,9634304,-1
301.3705139160156,183.17454528808594,2.1464009284973145,109.66087341308594,0.050014324486255646,12911103,-1
301.8738098144531,226.7832489013672,8.172625541687012,9.814788818359375,0.017591139301657677,9306369,-1
301.8738098144531,226.7832489013672,8.172625541687012,301.93408203125,0.017591139301657677,9306369,-1
302.5484619140625,245.96334838867188,6.168576240539551,175.31411743164062,0.029214652255177498,5702400,-1
302.5484619140625,245.96334838867188,6.168576240539551,316.403076171875,0.029214652255177498,5702400,-1
303.6630554199219,262.3835754394531,4.965801239013672,31.88421630859375,0.025522764772176743,6685184,-1
303.89007568359375,254.43099975585938,1.8475496768951416,347.9332580566406,0.019409727305173874,2032127,-1
305.1090087890625,204.62371826171875,2.9808661937713623,5.187957763671875,0.02237686887383461,3212287,-1
305.4764404296875,189.56231689453125,3.2943458557128906,230.57589721679688,0.022855030372738838,10486783,-1
306.5206604003906,259.7177429199219,2.0499918460845947,18.006256103515625,0.024507319554686546,9568767,-1
306.5620422363281,254.71682739257812,2.071742534637451,348.43658447265625,0.02173083834350109,10355199,-1
307.36431884765625,249.61363220214844,1.8565834760665894,165.77171325683594,0.017031269147992134,2425343,-1
307.9521789550781,127.49872589111328,2.3672616481781006,279.7747802734375,0.035602424293756485,3277567,-1
308.5442810058594,246.02395629882812,2.0551304817199707,162.56320190429688,0.023276297375559807,9765375,-1
308.6903076171875,191.46340942382812,3.1994378566741943,130.89678955078125,0.019251352176070213,8324095,-1
308.6903076171875,191.46340942382812,3.1994378566741943,312.9903869628906,0.019251352176070213,8324095,-1
309.21124267578125,205.11155700683594,2.1476051807403564,7.24322509765625,0.016896765679121017,12911103,-1
310.0215759277344,183.94410705566406,2.2858572006225586,109.25308227539062,0.014153862372040749,721663,-1
310.60455322265625,250.77389526367188,3.4952073097229004,161.84649658203125,0.01473679393529892,14746623,-1
310.85693359375,241.10951232910156,2.533750295639038,227.4223175048828,0.024557413533329964,8192767,-1
311.8667907714844,233.75840759277344,6.4583916664123535,202.69395446777344,0.022299686446785927,9044736,-1
311.9044494628906,261.81097412109375,6.451545238494873,27.32415771484375,0.016646284610033035,8913664,-1
312.9043273925781,133.20208740234375,3.5185749530792236,307.12103271484375,0.051784202456474304,15205375,-1
312.97222900390625,183.7946319580078,3.3273918628692627,111.89608764648438,0.013517948798835278,11207679,-1
313.9550476074219,156.820556640625,9.45063304901123,304.4261474609375,0.023902323096990585,3146241,-1
314.2243957519531,190.7256317138672,5.264981269836426,122.34982299804688,0.018575508147478104,10945024,-1
315.6411437988281,286.4994201660156,1.9378597736358643,253.8715362548828,0.019440634176135063,5505535,-1
317.6095886230469,259.06982421875,2.041558027267456,57.122528076171875,0.023172782734036446,9241087,-1
318.5061950683594,212.69586181640625,1.9419221878051758,171.36944580078125,0.016357464715838432,5636607,-1
318.7961120605469,182.6881103515625,7.0372185707092285,6.6507568359375,0.016331303864717484,15205120,-1
320.39373779296875,287.70501708984375,2.479936361312866,256.4432373046875,0.020149124786257744,6619903,-1
322.16754150390625,148.93434143066406,3.4432601928710938,5.214202880859375,0.0754515528678894,13632511,-1
322.16754150390625,148.93434143066406,3.4432601928710938,239.240478515625,0.0754515528678894,13632511,-1
322.6603088378906,192.64491271972656,3.7508652210235596,189.96102905273438,0.013543958775699139,3145984,-1
322.6603088378906,192.64491271972656,3.7508652210235596,308.4142150878906,0.013543958775699139,3145984,-1
322.6829528808594,156.3900909423828,2.4872398376464844,302.7853698730469,0.01744677871465683,6816511,-1
322.8473815917969,209.61264038085938,9.11487102508545,162.5648193359375,0.018099768087267876,524801,-1
326.0190124511719,187.26268005371094,4.704891204833984,7.8607177734375,0.01851727068424225,2818560,-1
327.3980712890625,191.96258544921875,2.450425863265991,311.4598388671875,0.01735789142549038,5767935,-1
328.6519470214844,161.77731323242188,3.493511199951172,20.64361572265625,0.0198817141354084,14681087,-1
328.7158203125,177.77467346191406,4.664938449859619,10.161773681640625,0.02100161463022232,2163200,-1
328.963623046875,216.5546875,1.8087009191513062,341.8164367675781,0.020765317603945732,524799,-1
330.4677734375,219.18511962890625,1.9373457431793213,155.77346801757812,0.0224785003811121,5505535,-1
330.4677734375,219.18511962890625,1.9373457431793213,327.35369873046875,0.0224785003811121,5505535,-1
332.75592041015625,201.06088256835938,2.4739022254943848,43.673980712890625,0.028514457866549492,6423295,-1
335.55084228515625,192.98916625976562,6.336500644683838,51.619140625,0.02187708020210266,7602944,-1
335.6861877441406,204.80224609375,2.4439046382904053,251.51803588867188,0.02447378821671009,5571327,-1
335.6861877441406,204.80224609375,2.4439046382904053,315.99835205078125,0.02447378821671009,5571327,-1
337.467529296875,202.10061645507812,7.792886257171631,47.677398681640625,0.0366084985435009,5898497,-1
337.467529296875,202.10061645507812,7.792886257171631,250.13995361328125,0.0366084985435009,5898497,-1
337.6083068847656,164.07070922851562,6.279956817626953,244.91729736328125,0.03921377658843994,7013120,-1
339.48199462890625,159.57098388671875,1.810002326965332,87.89227294921875,0.02740996889770031,590335,-1
342.4842529296875,196.97735595703125,3.9842495918273926,58.4144287109375,0.03971290960907936,7471360,-1
343.61309814453125,153.41049194335938,11.74211597442627,278.02618408203125,0.06991185992956161,2097921,-1
343.61309814453125,153.41049194335938,11.74211597442627,331.52886962890625,0.06991185992956161,2097921,-1
345.7551574707031,195.00900268554688,2.6449055671691895,77.89608764648438,0.031748946756124496,11272959,-1
347.2807312011719,186.32708740234375,1.8909562826156616,357.798583984375,0.014493349008262157,3736063,-1
349.84967041015625,275.187744140625,2.944018840789795,250.42872619628906,0.013448646292090416,2294783,-1
351.12652587890625,194.59207153320312,2.174654722213745,92.86593627929688,0.03315326198935509,13828607,-1
352.5175476074219,257.8717956542969,16.160911560058594,38.7623291015625,0.02343563921749592,8519938,-1
353.9447021484375,179.4694366455078,1.950176477432251,47.226531982421875,0.021154627203941345,5964287,-1
353.9799499511719,188.6260528564453,1.8898216485977173,227.1145782470703,0.0187150277197361,3670527,-1
354.3565979003906,232.4942626953125,1.8269808292388916,36.871612548828125,0.043380215764045715,1245695,-1
354.6042175292969,192.33348083496094,2.3881797790527344,107.2410888671875,0.027177266776561737,3932927,-1
355.02581787109375,198.9776153564453,1.976182222366333,306.8681335449219,0.017847508192062378,6947327,-1
355.63616943359375,166.52542114257812,2.178166151046753,332.167236328125,0.055460769683122635,13959679,-1
356.025390625,217.24954223632812,2.140430450439453,40.77044677734375,0.01721608266234398,12714495,-1
357.47723388671875,236.4217529296875,1.8456840515136719,314.3934020996094,0.016244664788246155,1966591,-1
358.9056091308594,231.0682830810547,6.5043840408325195,26.617156982421875,0.03730664402246475,9503488,-1
359.0035705566406,172.3948516845703,2.5488381385803223,327.35113525390625,0.048014942556619644,8585983,-1
360.095703125,166.9323272705078,8.44515609741211,341.6169738769531,0.05114514008164406,11731201,-1
360.420166015625,220.49818420410156,1.9803911447525024,29.365264892578125,0.029649212956428528,7078399,-1
362.6421813964844,204.48785400390625,1.8507858514785767,338.93853759765625,0.04038160666823387,2163199,-1
363.3729553222656,179.9286651611328,2.181084394454956,326.5079345703125,0.040815480053424835,14025215,-1
365.2962341308594,199.80899047851562,5.085109233856201,350.6512451171875,0.04628515616059303,8454656,-1
365.49273681640625,187.97998046875,1.857129693031311,7.565887451171875,0.05001033470034599,2425343,-1
365.8485412597656,211.83648681640625,2.1122827529907227,1.768829345703125,0.034641094505786896,11731455,-1
