39.095802307128906,320.2619323730469,1.9082340002059937,250.33802795410156,0.015498926863074303,4391423,-1
39.095802307128906,320.2619323730469,1.9082340002059937,358.6623840332031,0.015498926863074303,4391423,-1
39.96709442138672,317.90020751953125,4.355300426483154,16.352203369140625,0.02191375568509102,13959424,-1
41.931053161621094,307.4048156738281,4.735448360443115,21.22833251953125,0.026046473532915115,3277312,-1
41.931053161621094,307.4048156738281,4.735448360443115,195.6897735595703,0.026046473532915115,3277312,-1
43.257362365722656,309.8150939941406,2.155294418334961,188.533447265625,0.015354749746620655,13173247,-1
43.391597747802734,298.99493408203125,2.2030930519104004,19.227142333984375,0.020007869228720665,14811647,-1
43.88438415527344,217.65359497070312,2.1435582637786865,150.016845703125,0.07469616085290909,12780031,-1
43.88438415527344,217.65359497070312,2.1435582637786865,178.29591369628906,0.07469616085290909,12780031,-1
45.5423698425293,296.2161560058594,4.620228290557861,51.330657958984375,0.027464844286441803,1507840,-1
45.5423698425293,296.2161560058594,4.620228290557861,201.43722534179688,0.027464844286441803,1507840,-1
45.987632751464844,314.1606750488281,4.207420349121094,19.053314208984375,0.016218652948737144,11469056,-1
45.987632751464844,314.1606750488281,4.207420349121094,200.2559051513672,0.016218652948737144,11469056,-1
48.87923812866211,225.35604858398438,1.8659511804580688,145.48265075683594,0.06169769540429115,2753023,-1
49.123653411865234,295.8304443359375,30.94541358947754,196.12826538085938,0.06696680933237076,5374211,-1
49.96627426147461,224.92330932617188,3.8089256286621094,144.3992919921875,0.056052252650260925,4260096,-1
50.38997268676758,202.8462677001953,5.97113561630249,208.24713134765625,0.05794711783528328,3343104,-1
50.62601089477539,289.263427734375,1.8708094358444214,84.84286499023438,0.02309660241007805,2949631,-1
52.0408935546875,296.68035888671875,3.5033836364746094,31.076080322265625,0.01746254973113537,14877695,-1
52.0408935546875,296.68035888671875,3.5033836364746094,195.15882873535156,0.01746254973113537,14877695,-1
53.106842041015625,194.7383575439453,3.702657461166382,214.31588745117188,0.05944924056529999,2228480,-1
54.72692108154297,291.9211120605469,3.5102322101593018,32.67138671875,0.015489079058170319,15074303,-1
55.500370025634766,217.66851806640625,17.47138786315918,152.2593994140625,0.08459989726543427,14156034,-1
55.82328796386719,200.94989013671875,2.19115948677063,359.86431884765625,0.03190083056688309,14418431,-1
56.21990203857422,196.14694213867188,1.9793707132339478,22.25634765625,0.03291245549917221,7012863,-1
57.09762191772461,267.433349609375,2.1701035499572754,236.31893920898438,0.0190644059330225,13697535,-1
57.34446334838867,231.9183349609375,4.27335786819458,129.27639770507812,0.06446697562932968,12583168,-1
57.358497619628906,207.9207763671875,2.3759853839874268,267.68768310546875,0.0630635991692543,3539711,-1
57.358497619628906,207.9207763671875,2.3759853839874268,337.96063232421875,0.0630635991692543,3539711,-1
57.35865783691406,265.11456298828125,5.2830424308776855,233.5077362060547,0.04814406484365463,11207168,-1
58.0069465637207,236.45660400390625,1.9938825368881226,124.34423828125,0.056996557861566544,7537151,-1
58.510990142822266,260.643310546875,1.9129282236099243,91.2073974609375,0.04261145368218422,4588031,-1
59.105525970458984,311.0874938964844,2.1222891807556152,18.969390869140625,0.07054630666971207,12059135,-1
59.105525970458984,311.0874938964844,2.1222891807556152,196.61009216308594,0.07054630666971207,12059135,-1
59.13329315185547,243.5589141845703,8.29141902923584,141.0924072265625,0.08932813256978989,10354945,-1
59.13329315185547,243.5589141845703,8.29141902923584,216.5154266357422,0.08932813256978989,10354945,-1
59.534759521484375,386.5938415527344,4.349246501922607,92.78207397460938,0.02036396786570549,13828352,-1
59.92642593383789,319.50494384765625,2.0877792835235596,81.72006225585938,0.07879313826560974,10879487,-1
60.186519622802734,307.8363342285156,2.101961135864258,22.24993896484375,0.07280641049146652,11403775,-1
60.186519622802734,307.8363342285156,2.101961135864258,199.80467224121094,0.07280641049146652,11403775,-1
60.86173629760742,255.6476593017578,7.470411777496338,219.73699951171875,0.061044469475746155,2818305,-1
61.00430679321289,314.044189453125,1.9745683670043945,123.80099487304688,0.06677132099866867,6881791,-1
61.48168182373047,325.483154296875,6.197401523590088,1.800506591796875,0.08829975128173828,6030080,-1
61.51131057739258,333.0542907714844,2.9726359844207764,60.697784423828125,0.07236513495445251,3015679,-1
61.895015716552734,236.9071502685547,2.198899030685425,139.9722900390625,0.057045284658670425,14615039,-1
62.06167984008789,199.1890411376953,2.0809326171875,24.70184326171875,0.02809562161564827,10682879,-1
62.31168746948242,225.97848510742188,4.83487606048584,59.289825439453125,0.01484938059002161,4784640,-1
62.31168746948242,225.97848510742188,4.83487606048584,133.93141174316406,0.01484938059002161,4784640,-1
62.31168746948242,225.97848510742188,4.83487606048584,264.4006042480469,0.01484938059002161,4784640,-1
62.60984420776367,297.0323181152344,1.9685310125350952,32.260894775390625,0.041344791650772095,6619647,-1
62.701133728027344,243.85511779785156,4.510684013366699,143.97097778320312,0.08878467977046967,16449792,-1
62.701133728027344,243.85511779785156,4.510684013366699,221.63636779785156,0.08878467977046967,16449792,-1
63.12930679321289,307.0666809082031,1.8531550168991089,202.68548583984375,0.04569794610142708,2294271,-1
63.89572525024414,248.99766540527344,3.201282501220703,226.23709106445312,0.051855865865945816,8389631,-1
63.91027069091797,183.48507690429688,10.071761131286621,218.068359375,0.04220228269696236,7733761,-1
64.41845703125,294.40985107421875,2.0019195079803467,37.44207763671875,0.039375077933073044,7864831,-1
65.36698150634766,231.59532165527344,2.1297338008880615,250.41461181640625,0.01716756820678711,12321279,-1
66.0661392211914,313.36273193359375,7.323134899139404,27.953125,0.0502956286072731,1376513,-1
66.0661392211914,313.36273193359375,7.323134899139404,98.06582641601562,0.0502956286072731,1376513,-1
66.06826782226562,193.31814575195312,3.1938588619232178,27.968780517578125,0.03272007778286934,8193023,-1
66.91072082519531,286.7740478515625,1.8365615606307983,221.44314575195312,0.013360129669308662,1638911,-1
67.23662567138672,294.95361328125,2.037346601486206,38.2412109375,0.06562983244657516,9110015,-1
67.23662567138672,294.95361328125,2.037346601486206,218.53564453125,0.06562983244657516,9110015,-1
68.26029968261719,200.04714965820312,10.607279777526855,260.95928955078125,0.06590709835290909,11469313,-1
68.85649108886719,263.4973449707031,1.9594147205352783,240.1476593017578,0.01554882898926735,6291967,-1
68.86488342285156,305.108642578125,6.686152935028076,18.450653076171875,0.05067644268274307,11535104,-1
69.0635986328125,288.5826110839844,2.123828172683716,48.2847900390625,0.03646515682339668,12124671,-1
69.86418151855469,194.98114013671875,1.881861686706543,211.1289520263672,0.018437838181853294,3408383,-1
69.97200012207031,332.6190490722656,2.092393636703491,68.17141723632812,0.043396368622779846,11076095,-1
71.03804779052734,281.7671203613281,2.5494191646575928,78.22259521484375,0.01713073067367077,8651519,-1
71.98432922363281,307.1983337402344,1.8624534606933594,356.83074951171875,0.045962054282426834,2621951,-1
73.09153747558594,326.669189453125,2.1836349964141846,358.8587341308594,0.020789016038179398,14156287,-1
73.70171356201172,318.12225341796875,3.2121284008026123,16.78948974609375,0.022728772833943367,8651775,-1
74.46062469482422,170.81884765625,2.662107229232788,38.8470458984375,0.027927987277507782,11731711,-1
74.51544952392578,313.5658264160156,2.5531604290008545,11.2799072265625,0.025324787944555283,8717055,-1
74.51625061035156,287.4034423828125,2.0892674922943115,55.646759033203125,0.051935866475105286,10945023,-1
74.51625061035156,287.4034423828125,2.0892674922943115,227.8530731201172,0.051935866475105286,10945023,-1
75.74887084960938,196.20797729492188,2.5112130641937256,293.5207824707031,0.01944122090935707,7537407,-1
75.9125747680664,202.01809692382812,3.9431450366973877,249.7922821044922,0.04210280999541283,6750464,-1
76.66009521484375,285.6531982421875,1.8932971954345703,60.47259521484375,0.04280634596943855,3801599,-1
76.99855041503906,346.1723937988281,5.0068182945251465,254.97215270996094,0.06292495131492615,7340544,-1
77.55183410644531,288.5030212402344,2.1197733879089355,18.569091796875,0.06553846597671509,11993599,-1
78.58755493164062,337.0318908691406,6.097745418548584,151.79502868652344,0.029188603162765503,4850432,-1
78.60515594482422,165.4740753173828,1.8192580938339233,40.405609130859375,0.030968643724918365,918015,-1
78.80292510986328,333.04266357421875,2.9285218715667725,321.95684814453125,0.030210593715310097,1967103,-1
79.21430206298828,171.10696411132812,6.161326885223389,35.9508056640625,0.02006509155035019,5636864,-1
79.46083068847656,173.2140350341797,2.6775271892547607,39.336273193359375,0.02493394911289215,12190463,-1
79.46083068847656,173.2140350341797,2.6775271892547607,281.710205078125,0.02493394911289215,12190463,-1
79.87211608886719,313.6256103515625,2.648571014404297,201.048095703125,0.02961483597755432,11404031,-1
80.26045227050781,223.04629516601562,1.9475783109664917,69.658447265625,0.049983903765678406,5833215,-1
80.70047760009766,324.7450866699219,4.012204170227051,122.64138793945312,0.023712076246738434,7995648,-1
81.42162322998047,280.06884765625,1.8754595518112183,70.49343872070312,0.020980697125196457,3146239,-1
81.66470336914062,169.2764129638672,1.9071310758590698,42.9091796875,0.013678592629730701,4325887,-1
82.22607421875,331.6096496582031,2.4403223991394043,324.17572021484375,0.060177240520715714,5440255,-1
83.07447814941406,221.53224182128906,2.95639705657959,70.65365600585938,0.045592520385980606,2622463,-1
83.3739242553711,318.51092529296875,3.8419156074523926,122.03604125976562,0.02973930723965168,4849920,-1
84.00897216796875,160.01417541503906,1.809242606163025,43.921417236328125,0.037594616413116455,524799,-1
84.16687774658203,315.9837341308594,3.893239974975586,216.6136474609375,0.0316825732588768,5832960,-1
84.20083618164062,183.28240966796875,5.3903632164001465,23.37664794921875,0.016137508675456047,12648960,-1
84.4048843383789,309.678955078125,3.3453776836395264,237.66812133789062,0.03535449132323265,11600895,-1
84.88719177246094,188.6754913330078,1.9676908254623413,258.6405334472656,0.023208435624837875,6619647,-1
87.4781494140625,155.29769897460938,2.0887796878814697,46.865875244140625,0.0590093731880188,10945023,-1
87.58736419677734,319.1846008300781,1.838043451309204,186.28121948242188,0.044573184102773666,1704447,-1
87.70084381103516,336.86553955078125,2.501527786254883,317.1207275390625,0.023171504959464073,7275263,-1
88.68858337402344,187.9641571044922,2.266350507736206,262.49688720703125,0.015887750312685966,131839,-1
88.7344741821289,288.13909912109375,5.697242736816406,91.29660034179688,0.08427707850933075,16646656,-1
90.08919525146484,156.90753173828125,1.8327827453613281,113.715576171875,0.061060257256031036,1442303,-1
90.08919525146484,156.90753173828125,1.8327827453613281,184.10165405273438,0.061060257256031036,1442303,-1
90.47743225097656,323.96942138671875,1.9434139728546143,99.52694702148438,0.059434402734041214,5702143,-1
90.60537719726562,317.26824951171875,1.9509350061416626,190.97398376464844,0.038870979100465775,5964287,-1
91.33767700195312,305.09527587890625,3.112013578414917,229.39779663085938,0.09979578852653503,6358015,-1
91.53437805175781,300.4593200683594,3.1026971340179443,99.99478149414062,0.0411825068295002,6095871,-1
92.06792449951172,316.4444885253906,3.4037182331085205,196.4656982421875,0.037394873797893524,12846079,-1
92.56979370117188,297.2138671875,6.267337322235107,227.83143615722656,0.03844267874956131,6816512,-1
92.62042236328125,308.4540710449219,2.2299671173095703,232.0859832763672,0.04369032755494118,15663615,-1
92.73641967773438,334.8894958496094,2.0959441661834717,215.0029296875,0.04808977246284485,11141631,-1
93.2490463256836,278.5089416503906,7.656800746917725,95.15887451171875,0.02893325686454773,4587777,-1
93.45414733886719,176.5016632080078,19.293729782104492,222.56906127929688,0.05181068181991577,4588034,-1
93.76618194580078,190.44003295898438,4.046838760375977,224.0475616455078,0.04846964776515961,8651008,-1
94.92871856689453,220.86590576171875,1.8989288806915283,73.4410400390625,0.06368040293455124,4063743,-1
95.51872253417969,343.90350341796875,2.294969320297241,243.6338653564453,0.0477917417883873,1049343,-1
96.25361633300781,163.6974639892578,4.5599799156188965,80.99618530273438,0.023216839879751205,524800,-1
96.59650421142578,295.7728271484375,3.116508960723877,268.0158386230469,0.049123991280794144,6423551,-1
96.73897552490234,333.655029296875,13.44934368133545,118.04588317871094,0.0515981949865818,11928321,-1
96.73897552490234,333.655029296875,13.44934368133545,241.9837646484375,0.0515981949865818,11928321,-1
96.82962799072266,351.8985290527344,2.7502691745758057,233.96340942382812,0.04862985014915466,14091007,-1
97.3288345336914,325.7796936035156,2.5321662425994873,98.91201782226562,0.050349969416856766,8127231,-1
97.35972595214844,291.7542724609375,2.709303855895996,269.86187744140625,0.10674677789211273,13042431,-1
97.73639678955078,218.0237579345703,2.581195831298828,68.4091796875,0.035799939185380936,9503487,-1
97.8675308227539,139.38319396972656,2.3654332160949707,230.0871124267578,0.05461670085787773,3212031,-1
98.35932922363281,315.3271484375,1.8755377531051636,21.351776123046875,0.025643765926361084,3146239,-1
98.35932922363281,315.3271484375,1.8755377531051636,207.98834228515625,0.025643765926361084,3146239,-1
98.42227935791016,341.528564453125,2.9666783809661865,231.2496337890625,0.03987586870789528,2884607,-1
98.53031921386719,162.9239959716797,2.0395352840423584,81.8741455078125,0.01536150649189949,9175551,-1
98.5767822265625,295.16424560546875,1.9333199262619019,268.1429748535156,0.047569647431373596,5308927,-1
98.59758758544922,170.96449279785156,2.1053054332733154,160.5924835205078,0.014227194711565971,11469311,-1
98.65343475341797,146.54043579101562,2.4439988136291504,43.23504638671875,0.026783235371112823,5571327,-1
98.88579559326172,307.169921875,1.9969472885131836,21.562042236328125,0.019849654287099838,7668223,-1
99.44166564941406,167.1376495361328,1.9765914678573608,193.6650390625,0.014112474396824837,6947327,-1
99.53172302246094,312.3658752441406,1.8094732761383057,20.511932373046875,0.02721817046403885,524799,-1
99.66276550292969,223.59579467773438,1.8199762105941772,252.22943115234375,0.04539646580815315,983551,-1
100.05264282226562,330.2213439941406,3.443164110183716,109.57705688476562,0.04744529724121094,13632511,-1
101.49185180664062,301.08087158203125,2.428550958633423,59.35894775390625,0.02211439423263073,5112575,-1
101.49847412109375,307.890625,2.1672112941741943,21.833831787109375,0.029760465025901794,13566463,-1
101.49847412109375,307.890625,2.1672112941741943,202.0515594482422,0.029760465025901794,13566463,-1
101.74164581298828,288.5041809082031,3.8112716674804688,140.2894744873047,0.021665701642632484,4260096,-1
102.52510833740234,208.39723205566406,5.030128002166748,50.615478515625,0.04960567504167557,7668224,-1
102.52510833740234,208.39723205566406,5.030128002166748,248.42262268066406,0.04960567504167557,7668224,-1
102.98729705810547,304.1761474609375,2.244413137435913,28.872344970703125,0.029490116983652115,16122367,-1
102.98729705810547,304.1761474609375,2.244413137435913,62.323028564453125,0.029490116983652115,16122367,-1
102.98729705810547,304.1761474609375,2.244413137435913,202.69850158691406,0.029490116983652115,16122367,-1
103.01558685302734,326.8115234375,2.4615609645843506,114.07745361328125,0.07283437997102737,6095615,-1
103.12295532226562,311.2575378417969,1.933268427848816,200.7351837158203,0.018807848915457726,5308927,-1
103.9582290649414,228.8743896484375,2.1878366470336914,302.9644470214844,0.01473766379058361,14287359,-1
104.33859252929688,314.99578857421875,1.9022594690322876,193.70562744140625,0.016667988151311874,4129279,-1
104.70775604248047,215.16717529296875,3.4170937538146973,45.02703857421875,0.07008300721645355,13108223,-1
104.70775604248047,215.16717529296875,3.4170937538146973,213.10302734375,0.07008300721645355,13108223,-1
104.71470642089844,269.17333984375,1.8271616697311401,38.187744140625,0.02043822966516018,1245695,-1
104.97863006591797,344.24224853515625,2.310959577560425,219.27935791015625,0.05312371253967285,1508095,-1
105.32234954833984,335.0439758300781,1.9618316888809204,218.68893432617188,0.04253193736076355,6423039,-1
105.4673843383789,221.56028747558594,3.798314332962036,212.69461059570312,0.031663376837968826,4063488,-1
107.14132690429688,259.3481750488281,86.84300994873047,214.06434631347656,0.07779394835233688,13173252,-1
107.2848129272461,331.4540710449219,2.1016757488250732,208.10049438476562,0.04951377958059311,11403775,-1
107.55577087402344,265.9300231933594,1.8907444477081299,37.67510986328125,0.027247944846749306,3736063,-1
108.07691192626953,210.09619140625,2.4896671772003174,49.3575439453125,0.08105122298002243,6882047,-1
108.07862854003906,128.0565185546875,1.8714818954467773,231.13088989257812,0.03674272820353508,2949631,-1
108.47152709960938,189.44337463378906,1.8568998575210571,60.029052734375,0.031073829159140587,2425343,-1
108.80420684814453,318.6153869628906,7.537700653076172,130.29335021972656,0.029591215774416924,3473665,-1
108.8220443725586,310.3455810546875,2.651334524154663,199.41775512695312,0.0162323210388422,11469567,-1
109.55110931396484,134.2615203857422,8.682345390319824,234.52838134765625,0.058324310928583145,13697281,-1
109.8261947631836,336.958740234375,2.1803722381591797,206.35906982421875,0.05480155721306801,14025215,-1
110.10175323486328,203.00048828125,3.907122850418091,253.46353149414062,0.03983231633901596,6095104,-1
110.33709716796875,328.46868896484375,1.957101821899414,191.78451538085938,0.04760957136750221,6226431,-1
110.51564025878906,129.07630920410156,2.0022976398468018,233.9298553466797,0.04397411271929741,7864831,-1
110.7480697631836,95.42557525634766,3.698500871658325,134.89453125,0.0800950825214386,2097408,-1
110.7480697631836,95.42557525634766,3.698500871658325,197.39825439453125,0.0800950825214386,2097408,-1
111.15990447998047,100.32160186767578,1.8952629566192627,134.5732879638672,0.045370541512966156,3867135,-1
111.31192779541016,359.734375,2.1140389442443848,39.71148681640625,0.05492645874619484,11796991,-1
112.39745330810547,291.865966796875,2.3934853076934814,190.8131103515625,0.015007943846285343,4063999,-1
112.50304412841797,304.2409362792969,4.116814613342285,271.2796936035156,0.02563568949699402,9896192,-1
112.5647964477539,331.4492492675781,1.948493242263794,200.16603088378906,0.06542419642210007,5898751,-1
112.71585845947266,165.86627197265625,11.621289253234863,223.36383056640625,0.06482701003551483,1377025,-1
112.88134765625,323.3720397949219,1.8876484632492065,35.323638916015625,0.020768072456121445,3604991,-1
112.94343566894531,137.81698608398438,2.0385868549346924,46.3526611328125,0.04580361768603325,9175551,-1
114.4332046508789,359.7448425292969,1.9420076608657837,39.470672607421875,0.05397684499621391,5636607,-1
114.8875503540039,188.64846801757812,2.609530448913574,59.76141357421875,0.02952578291296959,10289919,-1
114.89574432373047,332.8538818359375,1.8214733600616455,200.25572204589844,0.029226237908005714,1049087,-1
116.20647430419922,293.715576171875,3.9782302379608154,130.65048217773438,0.021292028948664665,7405824,-1
116.31771850585938,37.1228141784668,16.567869186401367,118.36260986328125,0.11990015208721161,10289410,-1
116.31771850585938,37.1228141784668,16.567869186401367,145.3858184814453,0.11990015208721161,10289410,-1
116.31771850585938,37.1228141784668,16.567869186401367,270.312744140625,0.11990015208721161,10289410,-1
116.31771850585938,37.1228141784668,16.567869186401367,330.8478088378906,0.11990015208721161,10289410,-1
116.49081420898438,136.91319274902344,2.8896827697753906,8.15338134765625,0.027508126571774483,984063,-1
116.83323669433594,316.2837829589844,25.03325080871582,80.40740966796875,0.04054044559597969,6750978,-1
116.85587310791016,76.91276550292969,1.8479679822921753,227.94183349609375,0.0743686705827713,2097663,-1
116.90521240234375,306.0513000488281,2.6687045097351074,5.137176513671875,0.016157010570168495,11928319,-1
116.9770736694336,82.22443389892578,2.081904172897339,44.356658935546875,0.0238169115036726,10682879,-1
117.38343811035156,125.972900390625,4.343783855438232,247.26763916015625,0.05353591963648796,13762816,-1
117.73011779785156,134.04583740234375,4.700906276702881,14.854156494140625,0.027458013966679573,2753024,-1
118.17660522460938,316.3700256347656,4.932794094085693,40.237060546875,0.015918180346488953,6226432,-1
118.7747573852539,93.25733947753906,6.209753513336182,152.8015899658203,0.036292579025030136,6161152,-1
119.99125671386719,62.72639465332031,14.925383567810059,228.69557189941406,0.046680670231580734,2752770,-1
120.27315521240234,83.9209213256836,3.3062264919281006,184.2408447265625,0.05107499286532402,10748927,-1
121.27583312988281,50.028221130371094,2.016594409942627,120.72064208984375,0.0534781850874424,8389119,-1
121.74147033691406,306.5567932128906,2.5847489833831787,313.3013000488281,0.020647713914513588,9634559,-1
122.40796661376953,243.8087615966797,2.1661555767059326,313.4466857910156,0.015616063959896564,13566463,-1
122.51981353759766,97.20230865478516,5.660686492919922,122.81549072265625,0.032184354960918427,16187904,-1
123.10809326171875,311.8456115722656,2.0581793785095215,149.3622589111328,0.01948697678744793,9830911,-1
124.02262115478516,291.6189880371094,2.022326707839966,339.4207763671875,0.015677019953727722,8585727,-1
124.38460540771484,313.6529235839844,3.5228793621063232,27.5048828125,0.022781318053603172,15336447,-1
124.64353942871094,179.48941040039062,2.0373806953430176,59.938140869140625,0.028812101110816002,9110015,-1
124.75640869140625,241.90040588378906,1.8574202060699463,316.69134521484375,0.013524753041565418,2425343,-1
124.95966339111328,49.90825653076172,1.9169107675552368,123.11605834960938,0.07364456355571747,4719103,-1
125.14983367919922,253.2314453125,3.0904974937438965,5.578338623046875,0.027333704754710197,5833727,-1
126.32728576660156,74.67218780517578,2.1736533641815186,249.91851806640625,0.023929325863718987,13828607,-1
126.45682525634766,275.9438781738281,1.931915521621704,136.65301513671875,0.025256501510739326,5308927,-1
126.62035369873047,306.78973388671875,2.032435178756714,0.5045166015625,0.019081519916653633,8978943,-1
126.63597106933594,289.3168640136719,2.478210687637329,155.33053588867188,0.02032974176108837,6554367,-1
126.63597106933594,289.3168640136719,2.478210687637329,340.19525146484375,0.02032974176108837,6554367,-1
126.72822570800781,157.7791748046875,6.479761600494385,224.54144287109375,0.06881716847419739,9241344,-1
127.20185089111328,83.43724822998047,14.9788818359375,230.0507049560547,0.05270366743206978,3014914,-1
127.26962280273438,157.47476196289062,6.218075275421143,223.35092163085938,0.06893541663885117,6292224,-1
128.4037628173828,208.07138061523438,19.385475158691406,223.66162109375,0.033808838576078415,4981250,-1
128.56236267089844,315.3606872558594,2.143292188644409,27.31256103515625,0.062121909111738205,12780031,-1
128.68064880371094,147.96144104003906,2.1427273750305176,252.3816375732422,0.027211355045437813,12780031,-1
129.0066680908203,299.28515625,2.2916672229766846,178.15887451171875,0.01964215748012066,918271,-1
129.0066680908203,299.28515625,2.2916672229766846,346.9377136230469,0.01964215748012066,918271,-1
129.2522735595703,251.04702758789062,2.7036471366882324,318.5936279296875,0.017163317650556564,12845823,-1
129.6053924560547,92.85701751708984,2.176323652267456,75.12142944335938,0.06491031497716904,13894143,-1
129.6606903076172,304.901611328125,2.1588616371154785,358.7475891113281,0.01594030112028122,13304319,-1
131.25840759277344,48.22798538208008,3.8340890407562256,5.958892822265625,0.04369542747735977,4718848,-1
131.48362731933594,79.88973999023438,2.6238646507263184,28.04388427734375,0.019119475036859512,10683135,-1
132.06118774414062,325.0224304199219,2.5211377143859863,21.071441650390625,0.08184092491865158,7799551,-1
132.06118774414062,325.0224304199219,2.5211377143859863,95.48092651367188,0.08184092491865158,7799551,-1
132.23355102539062,67.46793365478516,4.991814136505127,229.2794952392578,0.050700344145298004,7078400,-1
132.58689880371094,84.25823211669922,2.449406147003174,21.347320556640625,0.013723080977797508,5702399,-1
133.15402221679688,152.97488403320312,2.632232904434204,78.48391723632812,0.07359621673822403,10945279,-1
133.15402221679688,152.97488403320312,2.632232904434204,216.87518310546875,0.07359621673822403,10945279,-1
134.48789978027344,279.2911376953125,3.0124526023864746,308.9388427734375,0.014097336679697037,3998719,-1
135.8349609375,62.54729080200195,1.9359139204025269,141.7790069580078,0.08321245014667511,5439999,-1
135.8349609375,62.54729080200195,1.9359139204025269,326.4720764160156,0.08321245014667511,5439999,-1
135.94921875,114.0039291381836,4.128563404083252,244.9777374267578,0.09415138512849808,10092800,-1
136.96852111816406,59.50115966796875,2.1414999961853027,325.0082702636719,0.0335782952606678,12714495,-1
137.54978942871094,125.39283752441406,1.8781414031982422,176.45196533203125,0.02301306650042534,3211775,-1
138.9193878173828,69.11481475830078,4.7905402183532715,217.03500366210938,0.05778226628899574,4129280,-1
138.93067932128906,277.88275146484375,3.015010118484497,300.7205810546875,0.02333841100335121,4064255,-1
140.9848175048828,339.4912414550781,20.79010581970215,92.854248046875,0.09005111455917358,10027522,-1
141.36611938476562,124.09083557128906,2.7049803733825684,111.77236938476562,0.02664259448647499,12911359,-1
141.98980712890625,99.51676940917969,1.8806709051132202,220.58871459960938,0.021483106538653374,3342847,-1
142.06114196777344,136.86268615722656,12.537528991699219,217.39918518066406,0.055684830993413925,6882049,-1
143.5092315673828,66.52670288085938,2.2051665782928467,242.19097900390625,0.05033433809876442,14877183,-1
144.61526489257812,95.98773956298828,2.470109701156616,238.6537322998047,0.027482133358716965,6357759,-1
144.99301147460938,144.10687255859375,2.1737425327301025,219.5465545654297,0.04621429368853569,13828607,-1
145.07859802246094,48.297279357910156,18.476728439331055,278.41448974609375,0.034027308225631714,1507842,-1
146.6229248046875,98.9028091430664,2.4854142665863037,239.18075561523438,0.03604181110858917,6816511,-1
146.7208251953125,114.61685943603516,13.182745933532715,251.37901306152344,0.06880366057157516,10486529,-1
147.52516174316406,132.1678466796875,8.119043350219727,100.53854370117188,0.054364290088415146,8847617,-1
147.52516174316406,132.1678466796875,8.119043350219727,206.5297088623047,0.054364290088415146,8847617,-1
147.8295135498047,140.60003662109375,1.8773548603057861,217.01150512695312,0.06309070438146591,3211775,-1
148.5162811279297,212.6189727783203,4.364932060241699,355.8399658203125,0.02339308150112629,14090496,-1
148.57736206054688,101.53778076171875,2.0438106060028076,259.5535888671875,0.04094274342060089,9372159,-1
149.6280517578125,90.89978790283203,3.2979512214660645,74.15829467773438,0.04175172373652458,10552319,-1
150.5728302001953,142.19064331054688,2.1591155529022217,229.1061248779297,0.06157151609659195,13304319,-1
151.08070373535156,138.3300018310547,2.710709571838379,221.1396942138672,0.05305645614862442,13042431,-1
151.68539428710938,122.55994415283203,1.9051640033721924,84.9547119140625,0.02324712835252285,4260351,-1
152.765380859375,89.15314483642578,2.1213672161102295,72.15524291992188,0.04725341126322746,12059135,-1
153.71542358398438,129.0925750732422,1.8846065998077393,207.5247344970703,0.05993505194783211,3473919,-1
154.55007934570312,206.5950469970703,3.4077649116516113,181.68844604492188,0.0247386172413826,12911615,-1
155.3928985595703,170.47511291503906,2.2063732147216797,231.73406982421875,0.02279716543853283,14877183,-1
158.22811889648438,86.86924743652344,2.0155317783355713,69.79037475585938,0.04561520740389824,8323583,-1
158.2615966796875,328.84881591796875,2.6112940311431885,102.7506103515625,0.05774310603737831,10355455,-1
158.6666717529297,168.01260375976562,1.9101053476333618,233.21844482421875,0.018502412363886833,4456959,-1
160.68724060058594,325.85760498046875,8.438183784484863,100.1329345703125,0.058504387736320496,11665665,-1
163.00733947753906,99.67719268798828,2.8366942405700684,226.10118103027344,0.05591006577014923,16319231,-1
164.58921813964844,73.70097351074219,15.129050254821777,279.90313720703125,0.040123503655195236,3735810,-1
165.8647918701172,91.78370666503906,10.866419792175293,250.1339111328125,0.0719209536910057,13238785,-1
166.07762145996094,127.00228118896484,34.914058685302734,4.446563720703125,0.07558566331863403,14090499,-1
166.28077697753906,80.5097885131836,3.2362594604492188,68.44784545898438,0.07268396019935608,9176063,-1
166.73216247558594,98.63121032714844,1.8890819549560547,262.10272216796875,0.07349419593811035,3670527,-1
166.8536834716797,310.2241516113281,5.954937934875488,2.997589111328125,0.01635870523750782,3146496,-1
169.0594024658203,114.88754272460938,1.822421669960022,332.2536315917969,0.016502372920513153,1049087,-1
170.78683471679688,110.03530883789062,2.4482924938201904,88.62713623046875,0.014065687544643879,5702399,-1
170.78683471679688,110.03530883789062,2.4482924938201904,269.35626220703125,0.014065687544643879,5702399,-1
171.95166015625,113.6827163696289,2.388465642929077,93.84765625,0.02591434121131897,3932927,-1
171.95166015625,113.6827163696289,2.388465642929077,154.030517578125,0.02591434121131897,3932927,-1
171.95166015625,113.6827163696289,2.388465642929077,338.7012634277344,0.02591434121131897,3932927,-1
172.685791015625,79.60102081298828,1.9697874784469604,78.256103515625,0.04951280355453491,6685183,-1
173.10333251953125,213.8089599609375,2.137601852416992,8.2802734375,0.05847335606813431,12583423,-1
173.15582275390625,76.96192932128906,1.9246429204940796,264.76824951171875,0.017934098839759827,4981247,-1
173.5506591796875,82.03729248046875,2.063363552093506,78.60830688476562,0.03399128094315529,10027519,-1
175.53753662109375,39.91377258300781,42.22249984741211,271.23388671875,0.034638382494449615,11141635,-1
176.1225128173828,97.37445068359375,2.0696256160736084,249.09339904785156,0.03568223863840103,10289663,-1
176.8998260498047,93.40970611572266,3.1768622398376465,250.9022216796875,0.04286155104637146,7799807,-1
177.4669189453125,81.38442993164062,2.1871726512908936,80.26394653320312,0.0361005961894989,14287359,-1
177.81863403320312,99.3275146484375,6.758805751800537,249.93704223632812,0.051000937819480896,12321536,-1
178.3086700439453,75.0101547241211,2.5807368755340576,268.0259094238281,0.017802374437451363,9503487,-1
178.48345947265625,112.56574249267578,4.925957679748535,28.72052001953125,0.0455668643116951,6160896,-1
178.59298706054688,215.7325439453125,10.867048263549805,10.50189208984375,0.05562783032655716,13238785,-1
178.90951538085938,96.2793197631836,2.331331968307495,252.52200317382812,0.040597714483737946,2163455,-1
180.89759826660156,119.89214324951172,2.223050594329834,17.376678466796875,0.0892372876405716,15401471,-1
180.89759826660156,119.89214324951172,2.223050594329834,272.35211181640625,0.0892372876405716,15401471,-1
181.8979034423828,258.168212890625,10.98067855834961,212.3617401123047,0.10014060139656067,13959681,-1
181.8979034423828,258.168212890625,10.98067855834961,351.5460510253906,0.10014060139656067,13959681,-1
182.44769287109375,68.98161315917969,3.157172679901123,291.06829833984375,0.025778647512197495,7406591,-1
182.69400024414062,164.2932891845703,3.6218888759613037,24.447174072265625,0.07468774169683456,590080,-1
182.9155731201172,169.5232391357422,2.9741485118865967,319.5548095703125,0.06958331912755966,3081215,-1
182.9155731201172,169.5232391357422,2.9741485118865967,355.9444274902344,0.06958331912755966,3081215,-1
183.04432678222656,114.62213897705078,1.9888893365859985,33.76080322265625,0.07218407094478607,7406079,-1
183.04432678222656,114.62213897705078,1.9888893365859985,87.19064331054688,0.07218407094478607,7406079,-1
184.10484313964844,117.52446746826172,5.403907299041748,283.1261901855469,0.10110647976398468,12845568,-1
185.0103759765625,107.67813873291016,1.8248577117919922,84.02511596679688,0.05922777205705643,1180159,-1
185.32386779785156,93.69749450683594,2.009186267852783,222.13758850097656,0.025928542017936707,8126975,-1
186.15843200683594,101.99101257324219,2.1668312549591064,80.23736572265625,0.026033196598291397,13566463,-1
188.5340118408203,107.00630187988281,1.9299243688583374,79.71334838867188,0.0589078925549984,5177855,-1
188.61776733398438,125.1120834350586,5.02977991104126,2.1728515625,0.08294223994016647,7668224,-1
189.34075927734375,122.47128295898438,2.2305586338043213,275.68359375,0.08231492340564728,15663615,-1
189.34075927734375,122.47128295898438,2.2305586338043213,333.7059631347656,0.08231492340564728,15663615,-1
191.07058715820312,70.3934326171875,2.3519368171691895,278.5326843261719,0.017781728878617287,2818815,-1
191.63462829589844,81.69165802001953,5.19245719909668,221.07546997070312,0.07221809029579163,9961984,-1
195.0026092529297,164.68374633789062,19.45227813720703,7.45965576171875,0.08881315588951111,5177858,-1
197.6702880859375,238.90823364257812,5.598995208740234,198.6431884765625,0.05516646057367325,15401472,-1
199.3007354736328,239.6859893798828,2.745262622833252,194.66961669921875,0.05663343146443367,13959935,-1
200.6957550048828,96.28962707519531,2.407108783721924,271.2687072753906,0.10342863202095032,4457215,-1
201.04342651367188,67.5831069946289,3.9690945148468018,206.9400177001953,0.09163093566894531,7209216,-1
201.04342651367188,67.5831069946289,3.9690945148468018,340.54986572265625,0.09163093566894531,7209216,-1
201.6671142578125,196.74562072753906,2.1170434951782227,166.87075805664062,0.07699740678071976,11928063,-1
202.07936096191406,61.9644889831543,2.233459711074829,209.70111083984375,0.1003505066037178,15794687,-1
202.72763061523438,252.01101684570312,2.3523831367492676,354.6566162109375,0.015064738690853119,2818815,-1
203.19735717773438,71.35279846191406,1.892748475074768,143.036376953125,0.08125610649585724,3801599,-1
203.19735717773438,71.35279846191406,1.892748475074768,343.5324401855469,0.08125610649585724,3801599,-1
203.1977996826172,208.0018768310547,10.305022239685059,155.92359924316406,0.06863700598478317,9372161,-1
203.1977996826172,208.0018768310547,10.305022239685059,192.54286193847656,0.06863700598478317,9372161,-1
204.3909912109375,107.11436462402344,2.2074239253997803,41.611114501953125,0.05951431021094322,14942719,-1
204.55923461914062,88.7486572265625,20.10650634765625,55.57489013671875,0.09010262042284012,7602690,-1
205.052978515625,201.71743774414062,3.9019792079925537,156.2385711669922,0.06939592957496643,5964032,-1
205.36019897460938,201.3822479248047,3.4231724739074707,115.77206420898438,0.07125712186098099,13239295,-1
205.36019897460938,201.3822479248047,3.4231724739074707,158.88551330566406,0.07125712186098099,13239295,-1
207.35858154296875,69.13355255126953,4.313952922821045,284.3734130859375,0.058848023414611816,13238528,-1
207.35858154296875,69.13355255126953,4.313952922821045,338.84716796875,0.058848023414611816,13238528,-1
207.59571838378906,95.67530822753906,2.623426675796509,86.82476806640625,0.0878429263830185,10683135,-1
207.59571838378906,95.67530822753906,2.623426675796509,271.6089172363281,0.0878429263830185,10683135,-1
207.90570068359375,106.57443237304688,2.138434648513794,54.8214111328125,0.057817164808511734,12648959,-1
208.47120666503906,101.39839172363281,5.247354030609131,49.2244873046875,0.07661163061857224,10682880,-1
208.8863067626953,189.20079040527344,13.895959854125977,161.60357666015625,0.06911195069551468,14287617,-1
208.8863067626953,189.20079040527344,13.895959854125977,188.60658264160156,0.06911195069551468,14287617,-1
209.59974670410156,203.97422790527344,2.4421753883361816,160.58453369140625,0.06729687005281448,5505791,-1
210.12974548339844,211.61734008789062,1.8143690824508667,201.96282958984375,0.04584568738937378,721407,-1
210.40017700195312,291.5888671875,2.3220412731170654,72.998779296875,0.014326682314276695,1901311,-1
210.40721130371094,228.07217407226562,11.997217178344727,199.685546875,0.04827110096812248,3670785,-1
211.24790954589844,135.52572631835938,33.79374313354492,5.929840087890625,0.08224552124738693,11731203,-1
211.24790954589844,135.52572631835938,33.79374313354492,257.78326416015625,0.08224552124738693,11731203,-1
211.31643676757812,73.45134735107422,2.040510892868042,4.2672119140625,0.0928693488240242,9241087,-1
211.74945068359375,100.25260925292969,3.166483163833618,46.76251220703125,0.07958178967237473,7603199,-1
211.91293334960938,294.9790954589844,1.8794338703155518,250.45501708984375,0.020520539954304695,3277311,-1
211.9131317138672,186.90003967285156,17.221174240112305,169.7294464111328,0.06873239576816559,13107458,-1
213.02005004882812,256.6544494628906,26.069965362548828,206.38954162597656,0.04289291054010391,9700098,-1
213.5142822265625,78.9068832397461,2.655428647994995,321.1452941894531,0.06902525573968887,11600639,-1
213.5142822265625,78.9068832397461,2.655428647994995,358.12615966796875,0.06902525573968887,11600639,-1
215.5653533935547,290.1222229003906,2.330554723739624,72.46780395507812,0.013614475727081299,2163455,-1
215.63873291015625,47.609642028808594,2.8050756454467773,211.19215393066406,0.09035792201757431,15532799,-1
215.87686157226562,100.41634368896484,1.8768293857574463,38.925506591796875,0.04748637229204178,3211775,-1
215.90504455566406,38.40006637573242,3.148221254348755,197.29830932617188,0.049781639128923416,7144447,-1
216.03343200683594,297.0357360839844,3.0252902507781982,69.83395385742188,0.023487674072384834,4326399,-1
216.03343200683594,297.0357360839844,3.0252902507781982,249.86407470703125,0.023487674072384834,4326399,-1
216.49911499023438,293.2137451171875,2.0234830379486084,249.70339965820312,0.021866150200366974,8651263,-1
218.02232360839844,105.11768341064453,9.654742240905762,56.42266845703125,0.04734690859913826,4653569,-1
218.74681091308594,48.783382415771484,1.9010629653930664,58.652374267578125,0.05547051504254341,4129279,-1
219.2866668701172,43.864810943603516,5.656271934509277,64.91836547851562,0.08536991477012634,16122368,-1
219.2866668701172,43.864810943603516,5.656271934509277,200.2835693359375,0.08536991477012634,16122368,-1
219.56326293945312,298.5198974609375,1.8122007846832275,67.70339965820312,0.0154532166197896,655871,-1
220.1748809814453,291.6994934082031,2.1837527751922607,249.4554443359375,0.018437087535858154,14156287,-1
220.51052856445312,24.37065887451172,2.003884792327881,210.37896728515625,0.02631787210702896,7930367,-1
220.6792449951172,80.3058853149414,9.818665504455566,325.2345886230469,0.0566948726773262,5898753,-1
223.48342895507812,297.0822448730469,1.8950392007827759,66.58413696289062,0.0167369544506073,3867135,-1
223.61871337890625,293.9716491699219,2.665198802947998,65.43865966796875,0.023224148899316788,11862783,-1
223.61871337890625,293.9716491699219,2.665198802947998,249.49838256835938,0.023224148899316788,11862783,-1
224.6655731201172,45.52170944213867,2.0048301219940186,57.266326904296875,0.05960148945450783,7930367,-1
226.6177215576172,68.31926727294922,21.35225486755371,311.8610534667969,0.05022541433572769,11928066,-1
226.9324951171875,98.96610260009766,1.9243675470352173,94.37091064453125,0.07059358805418015,4981247,-1
228.02561950683594,292.1034240722656,2.539032220840454,66.04327392578125,0.0236967820674181,8323839,-1
228.02561950683594,292.1034240722656,2.539032220840454,247.40139770507812,0.0236967820674181,8323839,-1
231.3464813232422,87.87444305419922,2.0814855098724365,278.0882568359375,0.03318168222904205,10682879,-1
232.01272583007812,99.87836456298828,2.144770860671997,97.82122802734375,0.05573972687125206,12845567,-1
235.2965545654297,31.656482696533203,19.9299373626709,63.7310791015625,0.10545940697193146,6947330,-1
235.69911193847656,297.91290283203125,2.2384774684906006,60.63360595703125,0.028326481580734253,15925759,-1
235.69911193847656,297.91290283203125,2.2384774684906006,234.6111602783203,0.028326481580734253,15925759,-1
235.7493896484375,288.7044982910156,2.013509511947632,62.7628173828125,0.024010078981518745,8258047,-1
235.7493896484375,288.7044982910156,2.013509511947632,245.11334228515625,0.024010078981518745,8258047,-1
238.29371643066406,299.64703369140625,2.162853479385376,60.15081787109375,0.015575900673866272,13435391,-1
239.6239013671875,87.90506744384766,4.112218379974365,268.7969055175781,0.041433095932006836,9765120,-1
239.84471130371094,295.2976379394531,3.013531446456909,60.6917724609375,0.02770339883863926,3998719,-1
239.84471130371094,295.2976379394531,3.013531446456909,231.6613311767578,0.02770339883863926,3998719,-1
240.126708984375,242.1743927001953,1.8870519399642944,42.3721923828125,0.020056389272212982,3604991,-1
242.85299682617188,99.91543579101562,1.9286375045776367,67.2030029296875,0.07289958000183105,5177855,-1
243.42994689941406,95.6258773803711,8.053723335266113,92.32302856445312,0.10818616300821304,8257793,-1
243.42994689941406,95.6258773803711,8.053723335266113,279.96490478515625,0.10818616300821304,8257793,-1
243.6107940673828,296.9619140625,2.1065475940704346,60.05853271484375,0.016274066641926765,11534847,-1
244.0791473388672,287.6531982421875,2.3970329761505127,229.48660278320312,0.02555452100932598,4195071,-1
244.1529541015625,292.7537536621094,3.5382049083709717,60.33453369140625,0.02577706053853035,15598591,-1
244.1529541015625,292.7537536621094,3.5382049083709717,230.8700714111328,0.02577706053853035,15598591,-1
244.32232666015625,12.911309242248535,2.213961124420166,283.5712890625,0.0214933343231678,15139327,-1
247.72457885742188,90.82318878173828,2.5648717880249023,295.9612121582031,0.04620974138379097,9044735,-1
249.26527404785156,308.4495849609375,2.362962245941162,62.276275634765625,0.0922832190990448,3146495,-1
251.91671752929688,96.32743072509766,1.8861206769943237,11.53424072265625,0.0393257737159729,3539455,-1
254.94464111328125,143.03712463378906,4.078969478607178,241.00381469726562,0.03725782409310341,9175296,-1
255.36480712890625,304.4277648925781,2.2231132984161377,52.039520263671875,0.07133100181818008,15401471,-1
264.0633544921875,219.3191375732422,1.8500816822052002,47.868560791015625,0.01670158840715885,2163199,-1
264.2854919433594,301.2503356933594,2.108877658843994,69.83065795898438,0.07019305229187012,11600383,-1
268.60089111328125,230.439697265625,1.873815894126892,59.524200439453125,0.015138695016503334,3080703,-1
268.6554870605469,277.03375244140625,6.00142765045166,57.3125,0.02506452426314354,3736320,-1
269.3077697753906,296.89117431640625,2.011718273162842,53.393798828125,0.08005481213331223,8192511,-1
269.5499572753906,271.9216003417969,1.921169638633728,279.29998779296875,0.014486436732113361,4850175,-1
272.6191711425781,298.1197204589844,2.5119526386260986,62.618499755859375,0.05759414657950401,7537407,-1
272.6191711425781,298.1197204589844,2.5119526386260986,88.8026123046875,0.05759414657950401,7537407,-1
273.0878601074219,291.9080810546875,6.793481349945068,90.57406616210938,0.039222557097673416,12649216,-1
275.0549621582031,306.59576416015625,16.30895233154297,137.6825714111328,0.08099738508462906,9175298,-1
275.7263488769531,275.07257080078125,2.1106956005096436,50.852874755859375,0.024226104840636253,11665919,-1
276.1165771484375,285.4598388671875,2.008882761001587,234.28335571289062,0.026319367811083794,8126975,-1
282.1734924316406,206.00148010253906,1.9430866241455078,238.43356323242188,0.014436429366469383,5702143,-1
282.4175109863281,202.38548278808594,2.0797269344329834,44.56292724609375,0.05232781171798706,10617343,-1
283.35888671875,299.4269714355469,2.211927890777588,147.89773559570312,0.06735236942768097,15073791,-1
284.93316650390625,234.27938842773438,101.40504455566406,70.57293701171875,0.08716149628162384,7668484,-1
294.00885009765625,197.40090942382812,2.592822313308716,238.46926879882812,0.019211774691939354,9831167,-1
295.5335693359375,303.3599548339844,9.72016429901123,144.8931884765625,0.05259738862514496,5177857,-1
295.63116455078125,272.9717102050781,2.748687505722046,227.5590362548828,0.02487981505692005,14091007,-1
295.9060363769531,310.45574951171875,1.9726736545562744,128.1228485107422,0.04712214693427086,6816255,-1
297.151123046875,273.10992431640625,4.184964179992676,225.50357055664062,0.024876290932297707,11075840,-1
297.18756103515625,322.308349609375,4.8739013671875,85.1795654296875,0.013362809084355831,5374464,-1
297.4897155761719,278.70587158203125,2.1177330017089844,120.47813415527344,0.013538329862058163,11928063,-1
299.14117431640625,172.53286743164062,2.396282911300659,240.5908203125,0.013533000834286213,4129535,-1
300.9601745605469,182.5435333251953,1.860272765159607,49.987274169921875,0.045148469507694244,2556415,-1
301.04266357421875,258.6309814453125,2.9760937690734863,224.4501190185547,0.09100877493619919,3081215,-1
301.9175109863281,315.99365234375,1.8491668701171875,111.88920593261719,0.04639067500829697,2097663,-1
302.0479431152344,240.4084014892578,7.634804725646973,42.477996826171875,0.023488596081733704,4391169,-1
302.9053649902344,294.88250732421875,2.135622024536133,325.5328063964844,0.02405894733965397,12517887,-1
303.3865051269531,298.3803405761719,1.9674015045166016,329.1740417480469,0.015485473908483982,6619647,-1
304.4696350097656,258.3939208984375,1.8450692892074585,206.4851837158203,0.059398312121629715,1966591,-1
304.4696350097656,258.3939208984375,1.8450692892074585,235.78704833984375,0.059398312121629715,1966591,-1
305.7879638671875,265.8505554199219,8.104537010192871,227.94236755371094,0.025447668507695198,8716545,-1
305.8999938964844,167.06570434570312,2.618159770965576,222.6671600341797,0.02038807049393654,10552063,-1
310.47576904296875,248.19688415527344,2.1799285411834717,209.93060302734375,0.04881839081645012,14025215,-1
311.0793762207031,270.0393371582031,2.4174411296844482,42.046142578125,0.029783785343170166,4784895,-1
312.2184753417969,250.26589965820312,2.000096082687378,210.716064453125,0.04121468588709831,7799295,-1
313.414794921875,274.36468505859375,2.923513174057007,184.3383026123047,0.08848091959953308,1836031,-1
314.81353759765625,300.8319091796875,32.57743453979492,42.027984619140625,0.06955764442682266,9109763,-1
314.81353759765625,300.8319091796875,32.57743453979492,69.9603271484375,0.06955764442682266,9109763,-1
315.4799499511719,237.95367431640625,2.299802541732788,52.708465576171875,0.08684442937374115,1180415,-1
315.9259338378906,163.7710418701172,2.021592855453491,229.07275390625,0.014491692185401917,8585727,-1
316.03350830078125,163.71307373046875,2.024359941482544,228.84327697753906,0.014514476992189884,8651263,-1
316.5459899902344,243.33111572265625,1.9454822540283203,203.11703491210938,0.03617958351969719,5767679,-1
317.9354553222656,245.12188720703125,4.621188640594482,209.90042114257812,0.034018270671367645,1507840,-1
317.9645080566406,244.36204528808594,4.0799431800842285,209.03253173828125,0.03377705439925194,9240832,-1
320.74359130859375,234.3124237060547,6.102089881896973,138.66151428222656,0.02150093950331211,4915968,-1
322.43377685546875,292.9720458984375,2.9073379039764404,287.7055358886719,0.022795308381319046,1442815,-1
323.2209167480469,171.89866638183594,7.404036998748779,233.37875366210938,0.09128428995609283,2162945,-1
323.6437072753906,222.59967041015625,8.919928550720215,221.3075408935547,0.014050522819161415,15663361,-1
324.107666015625,227.4370574951172,2.06150221824646,257.09320068359375,0.01778569258749485,9961983,-1
324.1150817871094,289.63836669921875,2.4061293601989746,285.9538269042969,0.02454705350100994,4457215,-1
324.2572021484375,242.5870361328125,4.014878749847412,314.3587951660156,0.022349199280142784,8061184,-1
327.17987060546875,240.649658203125,1.8756006956100464,106.69441223144531,0.01835656724870205,3146239,-1
327.3793029785156,248.98236083984375,2.924184560775757,350.3901672363281,0.023991646245121956,1836031,-1
327.676513671875,201.9231414794922,4.862570762634277,48.79534912109375,0.021429801359772682,5177856,-1
330.0530090332031,290.7940673828125,2.7868728637695312,217.28466796875,0.04090413078665733,15074047,-1
330.870849609375,134.79855346679688,5.189467906951904,240.71075439453125,0.017657484859228134,9896448,-1
331.5906982421875,159.57749938964844,2.026862859725952,57.26849365234375,0.029009545221924782,8716799,-1
331.5906982421875,159.57749938964844,2.026862859725952,261.0939025878906,0.029009545221924782,8716799,-1
332.87158203125,291.5440673828125,1.852601408958435,216.56588745117188,0.023311864584684372,2228735,-1
332.9031066894531,248.44406127929688,4.739375591278076,134.21636962890625,0.02877368964254856,3342848,-1
333.13421630859375,221.30029296875,1.9738895893096924,217.32809448242188,0.019189026206731796,6816255,-1
333.8896789550781,310.4560852050781,1.9841240644454956,59.479217529296875,0.03412910923361778,7209471,-1
333.8896789550781,310.4560852050781,1.9841240644454956,272.82904052734375,0.03412910923361778,7209471,-1
335.77899169921875,253.86598205566406,3.722614288330078,49.69036865234375,0.013965499587357044,2556160,-1
337.793212890625,239.868408203125,7.232467174530029,128.96795654296875,0.014667539857327938,459009,-1
338.13262939453125,156.0889434814453,2.013439416885376,59.400726318359375,0.018817393109202385,8258047,-1
338.13262939453125,156.0889434814453,2.013439416885376,215.35586547851562,0.018817393109202385,8258047,-1
338.2053527832031,290.977294921875,7.329204082489014,22.14874267578125,0.052871428430080414,1442049,-1
339.89312744140625,249.90101623535156,4.380221366882324,54.138946533203125,0.017606329172849655,14352640,-1
341.53326416015625,149.18946838378906,33.87263488769531,0.31646728515625,0.07968252897262573,11927811,-1
341.9127197265625,243.30816650390625,2.9159812927246094,82.63211059570312,0.013775789178907871,1639423,-1
343.64251708984375,179.21902465820312,17.293132781982422,12.01519775390625,0.04444911330938339,13435138,-1
343.7649230957031,257.8254089355469,8.221293449401855,58.01983642578125,0.020856931805610657,9765121,-1
345.5077209472656,133.60784912109375,4.7804436683654785,105.964111328125,0.11086583882570267,3932672,-1
345.5077209472656,133.60784912109375,4.7804436683654785,241.643310546875,0.11086583882570267,3932672,-1
345.5077209472656,133.60784912109375,4.7804436683654785,305.5633850097656,0.11086583882570267,3932672,-1
347.0830993652344,284.02685546875,2.021066904067993,22.571563720703125,0.0577455535531044,8520191,-1
347.82757568359375,160.18479919433594,1.9071083068847656,236.79147338867188,0.014368143863976002,4325887,-1
348.8128662109375,205.70294189453125,8.18117618560791,349.2682189941406,0.06356969475746155,9371905,-1
350.71746826171875,143.85052490234375,1.8208786249160767,232.75106811523438,0.023494815453886986,983551,-1
353.5572204589844,242.72161865234375,2.00892972946167,56.024017333984375,0.013662786222994328,8126975,-1
354.50115966796875,289.998291015625,16.249248504638672,52.1552734375,0.061729688197374344,8913154,-1
356.635498046875,129.75946044921875,8.319120407104492,6.271820068359375,0.07604752480983734,10617089,-1
356.635498046875,129.75946044921875,8.319120407104492,282.255126953125,0.07604752480983734,10617089,-1
356.9079895019531,136.0179901123047,2.048889398574829,39.88238525390625,0.04259122535586357,9503231,-1
358.0595397949219,218.4316864013672,2.7318787574768066,337.62725830078125,0.05305906757712364,13632255,-1
358.45599365234375,171.49017333984375,2.0522890090942383,27.34051513671875,0.031658682972192764,9634303,-1
358.90997314453125,138.7567596435547,3.4068374633789062,36.5709228515625,0.07480429112911224,12911615,-1
358.90997314453125,138.7567596435547,3.4068374633789062,303.7439880371094,0.07480429112911224,12911615,-1
359.06488037109375,245.2965087890625,5.566787242889404,54.150604248046875,0.014357696287333965,15008256,-1
362.68096923828125,168.38327026367188,2.0382564067840576,22.36651611328125,0.0354730449616909,9175551,-1
364.60308837890625,164.0663299560547,2.1423892974853516,24.214508056640625,0.03627854213118553,12780031,-1
364.8487548828125,153.0030059814453,4.004705905914307,15.201751708984375,0.07230321317911148,7864576,-1
364.8487548828125,153.0030059814453,4.004705905914307,328.0091552734375,0.07230321317911148,7864576,-1
365.21929931640625,146.8235321044922,3.209017276763916,324.8799133300781,0.048223454505205154,8586239,-1
368.8756103515625,220.4449920654297,17.54566192626953,337.6008605957031,0.06552745401859283,14483714,-1
371.51519775390625,235.10873413085938,2.0533061027526855,274.1791687011719,0.05448621138930321,9699839,-1
372.2251281738281,237.02093505859375,4.995154857635498,276.3604431152344,0.05297613516449928,7143936,-1
372.40655517578125,252.37045288085938,19.333267211914062,46.5079345703125,0.07955454289913177,4784642,-1
372.40655517578125,252.37045288085938,19.333267211914062,321.92840576171875,0.07955454289913177,4784642,-1
380.52044677734375,235.8959197998047,1.9191843271255493,295.5701904296875,0.0432417169213295,4784639,-1
