3.8814735412597656,146.38363647460938,2.2861695289611816,185.2918701171875,0.052117835730314255,721663,-1
5.996211528778076,160.0717010498047,2.611201763153076,165.83636474609375,0.031133228912949562,10355455,-1
6.833962440490723,151.45143127441406,2.365046262741089,220.6392364501953,0.040032967925071716,3212031,-1
6.833962440490723,151.45143127441406,2.365046262741089,337.48406982421875,0.040032967925071716,3212031,-1
7.4132843017578125,149.03875732421875,3.3056812286376953,19.21734619140625,0.04080694913864136,10683391,-1
7.4132843017578125,149.03875732421875,3.3056812286376953,242.38931274414062,0.04080694913864136,10683391,-1
10.042515754699707,249.902099609375,1.8197180032730103,180.79043579101562,0.030792709439992905,983551,-1
10.11343765258789,161.35227966308594,3.493361711502075,12.5147705078125,0.06358988583087921,14681087,-1
10.11343765258789,161.35227966308594,3.493361711502075,159.79373168945312,0.06358988583087921,14681087,-1
10.144766807556152,161.0868682861328,3.663400650024414,12.795379638671875,0.06270088255405426,1442048,-1
10.144766807556152,161.0868682861328,3.663400650024414,154.22256469726562,0.06270088255405426,1442048,-1
11.469986915588379,153.3890380859375,3.5590951442718506,4.04852294921875,0.05140760540962219,16057343,-1
11.643348693847656,237.27938842773438,6.764285564422607,170.34072875976562,0.05049806833267212,12387072,-1
12.82597827911377,215.1634521484375,4.030673027038574,206.10121154785156,0.033442363142967224,8323328,-1
14.498416900634766,251.6470947265625,5.393308162689209,120.58135986328125,0.056714944541454315,12714496,-1
16.503612518310547,238.05621337890625,2.2712364196777344,173.80014038085938,0.04701053351163864,262911,-1
17.153860092163086,158.60940551757812,5.556493759155273,187.43836975097656,0.048107992857694626,14877184,-1
17.227458953857422,220.17433166503906,5.544978618621826,191.96774291992188,0.07018110901117325,14680576,-1
17.636932373046875,242.6724090576172,1.90878164768219,187.51976013183594,0.04212848097085953,4391423,-1
17.855192184448242,152.11203002929688,6.099040985107422,184.5695343017578,0.046183787286281586,4850432,-1
19.69828987121582,255.9856414794922,2.195293426513672,110.74490356445312,0.03635236620903015,14549503,-1
20.1887149810791,199.50209045410156,6.4873175621032715,179.1664276123047,0.06219591572880745,9306880,-1
20.86402130126953,147.77696228027344,2.511199951171875,182.41537475585938,0.041912760585546494,7537407,-1
21.017372131347656,193.30421447753906,2.555511236190796,193.26988220214844,0.05155239999294281,8782591,-1
21.698486328125,248.16439819335938,4.26590633392334,111.75199890136719,0.03258392587304115,12452096,-1
21.70433235168457,215.8597869873047,3.0093274116516113,277.9441223144531,0.04872461035847664,3933183,-1
23.697601318359375,195.91949462890625,1.8683964014053345,7.42926025390625,0.06275612115859985,2884095,-1
23.697601318359375,195.91949462890625,1.8683964014053345,280.4430236816406,0.06275612115859985,2884095,-1
23.84467124938965,259.9845886230469,1.8399089574813843,112.93435668945312,0.03777245059609413,1769983,-1
24.073158264160156,146.67198181152344,2.2101762294769287,178.69851684570312,0.047544751316308975,15008255,-1
24.218507766723633,220.4438018798828,3.199423313140869,277.29150390625,0.033252812922000885,8324095,-1
24.295276641845703,239.58154296875,2.9195683002471924,109.05288696289062,0.013788938522338867,1704959,-1
25.52501106262207,251.91860961914062,2.3555667400360107,284.84210205078125,0.03193220496177673,2884351,-1
25.58281135559082,211.1555633544922,3.1830341815948486,276.49285888671875,0.03670519217848778,7996415,-1
26.798965454101562,154.82742309570312,1.8935978412628174,167.65402221679688,0.024972815066576004,3801599,-1
26.933027267456055,261.49609375,2.1468234062194824,110.06985473632812,0.03709959611296654,12911103,-1
29.384489059448242,257.1502685546875,6.361512660980225,109.7432861328125,0.06002410128712654,7930624,-1
29.733558654785156,187.443115234375,3.515383243560791,82.03182983398438,0.03660290315747261,15139839,-1
29.860151290893555,186.9313507080078,3.778839111328125,76.28402709960938,0.036416616290807724,3670272,-1
30.6920166015625,241.9346160888672,3.664579153060913,103.38180541992188,0.016734004020690918,1442048,-1
31.750865936279297,263.1285400390625,2.2980411052703857,102.85064697265625,0.03956281393766403,1114879,-1
31.935043334960938,201.8670196533203,5.328759670257568,99.86599731445312,0.047025132924318314,11796992,-1
32.246315002441406,211.6591796875,2.6516363620758057,279.33197021484375,0.032051317393779755,11469567,-1
32.72490310668945,260.5321044921875,2.1802356243133545,102.0625,0.047631215304136276,14025215,-1
33.345157623291016,191.31321716308594,2.9362857341766357,74.26174926757812,0.03779248520731926,2163711,-1
33.345157623291016,191.31321716308594,2.9362857341766357,109.98733520507812,0.03779248520731926,2163711,-1
34.529815673828125,251.33828735351562,2.6855225563049316,104.85115051269531,0.041358448565006256,12387071,-1
35.33452224731445,176.0934600830078,3.707611560821533,6.596435546875,0.029163973405957222,2294016,-1
35.33452224731445,176.0934600830078,3.707611560821533,193.11233520507812,0.029163973405957222,2294016,-1
37.287086486816406,166.2105255126953,3.09415602684021,199.7316131591797,0.026017440482974052,5899263,-1
37.51939392089844,237.57774353027344,30.671545028686523,105.95379638671875,0.08797619491815567,4718851,-1
37.6116828918457,205.64630126953125,2.266191244125366,97.97918701171875,0.029283124953508377,131839,-1
39.92092514038086,172.27479553222656,3.2375943660736084,190.14434814453125,0.02607589215040207,9176063,-1
40.988224029541016,261.6745300292969,5.396154403686523,107.20449829101562,0.040200989693403244,12714496,-1
42.399024963378906,176.19847106933594,2.1899075508117676,339.5359191894531,0.024027947336435318,14352895,-1
42.566986083984375,184.42098999023438,8.091039657592773,111.78076171875,0.03245559707283974,8585473,-1
43.632938385009766,204.5604705810547,4.620299816131592,91.56552124023438,0.04987527057528496,1507840,-1
43.836421966552734,169.38186645507812,2.464134454727173,0.816375732421875,0.013446745462715626,6161151,-1
45.13566970825195,167.26632690429688,34.20098114013672,270.1996154785156,0.08075714111328125,12583171,-1
45.39986038208008,155.87074279785156,2.166499614715576,99.3238525390625,0.015710752457380295,13566463,-1
45.915611267089844,201.15670776367188,1.9457403421401978,268.07403564453125,0.04452280327677727,5767679,-1
47.03763961791992,219.2107696533203,5.887694835662842,286.96148681640625,0.049168821424245834,2294528,-1
49.23069381713867,203.0456085205078,2.6442549228668213,6.406402587890625,0.055060360580682755,11272959,-1
49.23069381713867,203.0456085205078,2.6442549228668213,88.1029052734375,0.055060360580682755,11272959,-1
49.2340202331543,213.4899444580078,2.0973687171936035,266.88836669921875,0.022324291989207268,11207167,-1
51.18606185913086,194.32899475097656,2.681051731109619,305.96966552734375,0.06107841432094574,12255999,-1
51.82820129394531,155.82797241210938,1.8624439239501953,91.03961181640625,0.016201402992010117,2621951,-1
52.1047477722168,175.8784637451172,7.665914058685303,239.06277465820312,0.01966238208115101,4718849,-1
52.1047477722168,175.8784637451172,7.665914058685303,292.4482421875,0.01966238208115101,4718849,-1
52.672115325927734,212.16859436035156,16.928495407104492,297.4209289550781,0.04496433213353157,11862274,-1
52.967529296875,254.99974060058594,2.121535539627075,100.89340209960938,0.04161195829510689,12059135,-1
53.64634704589844,199.70616149902344,2.1890361309051514,20.51055908203125,0.03450097143650055,14287359,-1
53.70398712158203,176.74794006347656,2.255993604660034,259.0111389160156,0.014921599067747593,16515583,-1
54.0939826965332,153.6743621826172,2.035346746444702,358.51123046875,0.03193202614784241,9044479,-1
57.03093338012695,176.62367248535156,2.5964176654815674,186.03591918945312,0.014947020448744297,9962239,-1
57.424015045166016,247.82858276367188,3.194011688232422,98.41201782226562,0.026698656380176544,8193023,-1
58.13627243041992,235.1105499267578,4.110012531280518,350.8815002441406,0.033231012523174286,9765120,-1
58.43780517578125,198.61639404296875,8.915995597839355,85.25494384765625,0.038217730820178986,15597825,-1
58.771846771240234,267.5635681152344,2.178875684738159,89.2017822265625,0.032868966460227966,13959679,-1
58.85448455810547,143.4259033203125,3.1279735565185547,258.4529724121094,0.03978152200579643,6685695,-1
59.17787170410156,214.81666564941406,3.033792495727539,84.72714233398438,0.024568503722548485,4523007,-1
59.17787170410156,214.81666564941406,3.033792495727539,295.61968994140625,0.024568503722548485,4523007,-1
60.50301742553711,155.6230926513672,1.9073339700698853,123.095458984375,0.064873106777668,4325887,-1
61.02954864501953,138.92274475097656,2.577817916870117,176.60438537597656,0.031129395589232445,9437951,-1
61.298118591308594,137.87184143066406,3.81333327293396,267.1863098144531,0.030777115374803543,4325632,-1
61.435630798339844,243.1701202392578,4.141239166259766,95.78094482421875,0.034080445766448975,10289408,-1
61.86074447631836,166.51686096191406,2.1233537197113037,333.11126708984375,0.021144753322005272,12124671,-1
62.8077392578125,148.29617309570312,5.132235050201416,272.2033386230469,0.05347881093621254,9110016,-1
62.894203186035156,208.14830017089844,2.0279369354248047,125.7625732421875,0.042843617498874664,8782335,-1
62.894203186035156,208.14830017089844,2.0279369354248047,181.95680236816406,0.042843617498874664,8782335,-1
63.028404235839844,211.5310516357422,2.498042345046997,137.57638549804688,0.03939368575811386,7144191,-1
63.6437873840332,203.0847930908203,2.184051990509033,191.69012451171875,0.0398961566388607,14156287,-1
63.6437873840332,203.0847930908203,2.184051990509033,274.3013916015625,0.0398961566388607,14156287,-1
65.7923583984375,165.54627990722656,2.569441556930542,199.5036163330078,0.04314456507563591,9175807,-1
65.7923583984375,165.54627990722656,2.569441556930542,344.091064453125,0.04314456507563591,9175807,-1
65.84117889404297,185.92417907714844,11.050126075744629,3.494415283203125,0.0609402135014534,14418433,-1
65.84117889404297,185.92417907714844,11.050126075744629,28.402587890625,0.0609402135014534,14418433,-1
65.84117889404297,185.92417907714844,11.050126075744629,82.31671142578125,0.0609402135014534,14418433,-1
66.22222137451172,239.8933868408203,3.367091417312622,279.21685791015625,0.0345391184091568,12059647,-1
66.24182891845703,178.22454833984375,2.6487436294555664,76.90853881835938,0.025032445788383484,11404031,-1
66.24182891845703,178.22454833984375,2.6487436294555664,271.9812927246094,0.025032445788383484,11404031,-1
66.41122436523438,206.91024780273438,6.386784553527832,320.52484130859375,0.05862368270754814,8192768,-1
66.54776763916016,195.9372100830078,2.620769500732422,88.56289672851562,0.03795556724071503,10617599,-1
66.68457794189453,151.8910675048828,2.0229098796844482,10.60980224609375,0.0881933644413948,8585727,-1
66.68457794189453,151.8910675048828,2.0229098796844482,120.3197021484375,0.0881933644413948,8585727,-1
67.0777816772461,138.42124938964844,1.8200922012329102,4.39501953125,0.01663651503622532,983551,-1
67.50787353515625,224.3660430908203,2.2237093448638916,277.2714538574219,0.03962991386651993,15467007,-1
67.8468017578125,235.10714721679688,6.309640407562256,291.2440185546875,0.04356558620929718,7340800,-1
67.8468017578125,235.10714721679688,6.309640407562256,355.7036437988281,0.04356558620929718,7340800,-1
68.39926147460938,141.09732055664062,5.3844380378723145,281.7959289550781,0.027416519820690155,12583424,-1
68.7818603515625,149.33786010742188,9.419683456420898,286.7336730957031,0.0467730276286602,2884097,-1
68.91041564941406,203.5023651123047,1.894623041152954,336.0199890136719,0.04279424995183945,3867135,-1
69.71288299560547,164.0088348388672,2.771610975265503,193.1962432861328,0.03632230684161186,14680831,-1
69.71288299560547,164.0088348388672,2.771610975265503,359.0210266113281,0.03632230684161186,14680831,-1
70.05928039550781,156.8343505859375,2.7246603965759277,183.99942016601562,0.04208337143063545,13435647,-1
72.47366333007812,157.0386199951172,6.235962867736816,1.26507568359375,0.032450076192617416,6488832,-1
74.1346206665039,211.07130432128906,1.8175852298736572,293.9109802246094,0.027114607393741608,852479,-1
74.75286865234375,243.2196044921875,2.729703426361084,358.3413391113281,0.05938287824392319,13566719,-1
74.94132995605469,141.32310485839844,4.953040599822998,279.78564453125,0.028422437608242035,6554112,-1
75.07051849365234,263.7488098144531,6.098233699798584,87.72366333007812,0.0410010926425457,4850432,-1
76.98612213134766,255.75743103027344,15.117454528808594,93.9937744140625,0.034076061099767685,3670274,-1
77.01411437988281,265.8686828613281,2.110973596572876,81.48065185546875,0.03307230398058891,11665919,-1
78.06366729736328,243.65643310546875,2.1513147354125977,359.2540588378906,0.06238416209816933,13042175,-1
78.41459655761719,228.6844482421875,1.8073481321334839,358.0958557128906,0.04387190565466881,459263,-1
78.6091537475586,122.33927154541016,36.566070556640625,270.1826171875,0.033240169286727905,721411,-1
79.1718978881836,206.33058166503906,7.0164337158203125,209.5875701904297,0.05737662687897682,15008512,-1
79.19482421875,222.100341796875,6.826570987701416,135.77093505859375,0.057450246065855026,13042432,-1
79.9901351928711,197.0414581298828,13.615946769714355,38.56683349609375,0.07028821110725403,12845825,-1
79.9901351928711,197.0414581298828,13.615946769714355,221.14910888671875,0.07028821110725403,12845825,-1
81.82280731201172,208.021728515625,4.167812347412109,196.72608947753906,0.05600038170814514,10748160,-1
82.927734375,208.95309448242188,2.6132562160491943,189.14849853515625,0.06009310856461525,10420991,-1
83.27889251708984,218.96185302734375,1.8968557119369507,171.79452514648438,0.06533059477806091,3932671,-1
84.81275939941406,202.20094299316406,2.117522954940796,217.8505859375,0.038266103714704514,11928063,-1
86.07861328125,272.0513000488281,8.50705623626709,147.04241943359375,0.06011223420500755,12255489,-1
86.65369415283203,205.20510864257812,2.922783613204956,197.85855102539062,0.06194640323519707,1770495,-1
87.62915802001953,269.9863586425781,5.593482494354248,152.26593017578125,0.06226344779133797,15335936,-1
87.99639892578125,153.2090301513672,3.0083091259002686,213.44921875,0.06020874157547951,3867647,-1
88.14543914794922,220.2442169189453,5.599459648132324,94.74703979492188,0.05510133132338524,15401472,-1
88.14543914794922,220.2442169189453,5.599459648132324,145.67037963867188,0.05510133132338524,15401472,-1
88.7861099243164,268.1621398925781,3.184807538986206,158.60202026367188,0.06361861526966095,7996415,-1
90.42220306396484,182.56788635253906,1.8745110034942627,269.4372253417969,0.017649158835411072,3080703,-1
91.94747924804688,187.48931884765625,8.135165214538574,93.74417114257812,0.07600663602352142,8978689,-1
91.94747924804688,187.48931884765625,8.135165214538574,162.56385803222656,0.07600663602352142,8978689,-1
92.7290267944336,163.71090698242188,3.7184646129608154,188.60939025878906,0.01891760155558586,2490624,-1
92.76072692871094,178.79132080078125,3.763883590698242,270.37884521484375,0.03335410729050636,3408128,-1
95.02629852294922,182.4622802734375,2.073730945587158,269.4205017089844,0.019279807806015015,10420735,-1
95.78087615966797,235.9820098876953,17.34920883178711,231.84690856933594,0.07315535843372345,13631746,-1
96.07597351074219,213.63006591796875,14.771666526794434,88.97198486328125,0.09032614529132843,2031874,-1
96.07597351074219,213.63006591796875,14.771666526794434,217.36279296875,0.09032614529132843,2031874,-1
96.93811798095703,173.10580444335938,4.947466850280762,90.47207641601562,0.015891002491116524,6423040,-1
99.09175109863281,260.71368408203125,5.780740261077881,201.354736328125,0.027331102639436722,983808,-1
99.09175109863281,260.71368408203125,5.780740261077881,231.3126983642578,0.027331102639436722,983808,-1
104.46003723144531,211.10581970214844,2.0497114658355713,6.07940673828125,0.024168459698557854,9568767,-1
105.8274154663086,209.0548858642578,110.1189956665039,270.94317626953125,0.06993535906076431,13632260,-1
106.17228698730469,241.1040496826172,4.029742240905762,220.40611267089844,0.060100775212049484,8323328,-1
106.36067962646484,241.558349609375,3.399415969848633,216.63111877441406,0.06133359298110008,12715007,-1
108.28677368164062,203.66436767578125,2.035994291305542,337.8724365234375,0.07011998444795609,9044479,-1
108.46388244628906,175.11734008789062,2.4481427669525146,87.65850830078125,0.0209941603243351,5702399,-1
111.09685516357422,218.3519744873047,1.963342547416687,11.0321044921875,0.054966673254966736,6423039,-1
112.0531234741211,207.75685119628906,2.849242687225342,350.2200927734375,0.06097794324159622,16646911,-1
113.08087158203125,154.6541290283203,2.1131253242492676,270.5421447753906,0.027314092963933945,11731455,-1
114.4087142944336,250.38539123535156,2.036419153213501,273.7253723144531,0.02139967307448387,9110015,-1
114.71549987792969,168.63717651367188,32.113189697265625,273.6147155761719,0.066917784512043,8061187,-1
114.86082458496094,205.19383239746094,1.9133923053741455,83.56829833984375,0.05259782820940018,4588031,-1
114.86082458496094,205.19383239746094,1.9133923053741455,195.33419799804688,0.05259782820940018,4588031,-1
114.86082458496094,205.19383239746094,1.9133923053741455,267.8599853515625,0.05259782820940018,4588031,-1
115.35095977783203,213.57449340820312,4.726713180541992,73.6080322265625,0.038075871765613556,3146240,-1
115.88093566894531,258.9732666015625,2.1511542797088623,91.63861083984375,0.015096930786967278,13042175,-1
115.88093566894531,258.9732666015625,2.1511542797088623,281.6919860839844,0.015096930786967278,13042175,-1
116.38105773925781,215.52850341796875,2.391944646835327,86.89797973632812,0.034677572548389435,3998463,-1
116.4250259399414,208.0157012939453,2.200651168823242,269.958251953125,0.04380475729703903,14680575,-1
116.9188461303711,201.81175231933594,2.111659288406372,269.2522888183594,0.028515314683318138,11731455,-1
118.32469940185547,224.8963623046875,11.710650444030762,255.692138671875,0.06231236457824707,1901313,-1
119.49207305908203,261.8204345703125,31.944284439086914,61.67333984375,0.11605524271726608,7667971,-1
119.62425994873047,201.88644409179688,2.1644442081451416,90.33624267578125,0.025383783504366875,13500927,-1
119.62425994873047,201.88644409179688,2.1644442081451416,270.1723937988281,0.025383783504366875,13500927,-1
120.15989685058594,207.8931427001953,2.02321457862854,269.3083801269531,0.04014752805233002,8651263,-1
121.20104217529297,252.3818817138672,2.197808265686035,71.85305786132812,0.021037042140960693,14615039,-1
121.20104217529297,252.3818817138672,2.197808265686035,286.7640075683594,0.021037042140960693,14615039,-1
123.48165130615234,182.5928955078125,2.168896436691284,268.9884948730469,0.01678156852722168,13631999,-1
124.49495697021484,201.81016540527344,2.0555152893066406,90.81594848632812,0.023595523089170456,9765375,-1
124.49495697021484,201.81016540527344,2.0555152893066406,270.8486328125,0.023595523089170456,9765375,-1
124.51399993896484,213.3116455078125,6.145989894866943,89.4642333984375,0.03338921442627907,5440256,-1
126.0525894165039,138.29898071289062,3.1928470134735107,87.30636596679688,0.09686440229415894,8193023,-1
127.46598815917969,242.14401245117188,1.9479988813400269,116.2392578125,0.023176826536655426,5898751,-1
129.1776580810547,178.99002075195312,3.2341420650482178,87.71640014648438,0.03356442600488663,9110527,-1
129.1776580810547,178.99002075195312,3.2341420650482178,267.85009765625,0.03356442600488663,9110527,-1
129.45376586914062,188.14938354492188,8.787775993347168,85.09695434570312,0.04903876408934593,14549249,-1
130.2196502685547,207.5644989013672,2.3492980003356934,268.02392578125,0.04178096354007721,2687743,-1
133.3258514404297,175.0447235107422,3.150433301925659,4.06787109375,0.027727721258997917,7209983,-1
133.47630310058594,279.6470031738281,1.9691565036773682,48.496795654296875,0.04604175314307213,6685183,-1
135.17428588867188,212.86459350585938,5.517501354217529,91.31399536132812,0.04939398169517517,14352896,-1
135.90235900878906,238.04034423828125,11.345401763916016,274.8623046875,0.06913734972476959,16318977,-1
135.90235900878906,238.04034423828125,11.345401763916016,309.6727600097656,0.06913734972476959,16318977,-1
136.43678283691406,270.3525390625,2.5358645915985107,24.00653076171875,0.05705658718943596,8258303,-1
137.89657592773438,266.0314636230469,2.208082675933838,11.792633056640625,0.056405894458293915,14942719,-1
138.6907958984375,206.91326904296875,2.883359432220459,225.67384338378906,0.04230841249227524,852991,-1
138.6907958984375,206.91326904296875,2.883359432220459,258.61322021484375,0.04230841249227524,852991,-1
140.55918884277344,155.5670928955078,2.7761266231536865,208.79779052734375,0.05280914157629013,14811903,-1
140.55918884277344,155.5670928955078,2.7761266231536865,337.57012939453125,0.05280914157629013,14811903,-1
140.5874786376953,154.1647491455078,3.59507155418396,220.9049530029297,0.05239778757095337,65792,-1
140.67218017578125,197.72042846679688,10.161818504333496,80.88088989257812,0.05482572689652443,8389121,-1
143.12379455566406,201.75140380859375,2.474543571472168,229.11367797851562,0.03464960306882858,6488831,-1
143.1984100341797,260.1835632324219,1.8735812902450562,96.40890502929688,0.044222284108400345,3080703,-1
144.67990112304688,195.6514129638672,3.254462480545044,122.95585632324219,0.03561560437083244,9569279,-1
144.98385620117188,191.521728515625,2.0404765605926514,147.1231689453125,0.06282449513673782,9241087,-1
145.10061645507812,154.50144958496094,2.438236951828003,224.55943298339844,0.060701556503772736,5374719,-1
147.04542541503906,260.79302978515625,2.64959716796875,106.31295776367188,0.06321967393159866,11404031,-1
147.37364196777344,179.0258026123047,2.5701870918273926,273.90728759765625,0.03335816040635109,9241343,-1
147.77317810058594,209.5550079345703,9.571598052978516,91.27694702148438,0.05087835341691971,4063745,-1
149.4024200439453,161.459228515625,4.2217936515808105,89.14987182617188,0.016059154644608498,11665664,-1
149.6798095703125,187.7107391357422,8.213885307312012,100.64511108398438,0.056655142456293106,9699585,-1
150.9922332763672,236.16819763183594,8.211064338684082,316.4769287109375,0.05096106976270676,9699585,-1
151.90077209472656,132.9165802001953,31.589319229125977,274.27325439453125,0.040062315762043,6881539,-1
154.1416015625,229.3800811767578,17.846908569335938,305.84808349609375,0.05806715413928032,15663362,-1
154.1863250732422,212.90782165527344,4.232142925262451,89.55331420898438,0.030463002622127533,11862272,-1
157.10516357421875,204.991943359375,1.9300936460494995,332.4875793457031,0.03375077620148659,5243391,-1
157.46705627441406,210.138916015625,2.0482707023620605,347.8647155761719,0.013854759745299816,9503231,-1
160.62977600097656,164.0281982421875,6.7940263748168945,264.36004638671875,0.01958421617746353,12649216,-1
166.285888671875,173.56460571289062,4.517789363861084,97.63827514648438,0.02245519310235977,16580864,-1
166.285888671875,173.56460571289062,4.517789363861084,253.9473876953125,0.02245519310235977,16580864,-1
169.9679718017578,208.72293090820312,9.608317375183105,82.39254760742188,0.047809898853302,4325889,-1
175.16439819335938,213.0524444580078,2.4760499000549316,37.41839599609375,0.041296277195215225,6488831,-1
175.16439819335938,213.0524444580078,2.4760499000549316,80.51632690429688,0.041296277195215225,6488831,-1
175.1977996826172,187.7161102294922,8.216998100280762,88.932861328125,0.04962502792477608,9699585,-1
177.743408203125,174.8534393310547,34.37102508544922,275.12841796875,0.07011011242866516,12976387,-1
178.48257446289062,182.48065185546875,2.4040298461914062,272.0907897949219,0.01986292004585266,4391679,-1
179.20188903808594,176.38656616210938,2.522239923477173,87.88571166992188,0.025274472311139107,7865087,-1
179.87962341308594,168.9178924560547,2.6304140090942383,235.4222412109375,0.016820600256323814,10879743,-1
179.87962341308594,168.9178924560547,2.6304140090942383,300.33428955078125,0.016820600256323814,10879743,-1
180.380126953125,216.63717651367188,8.20722770690918,75.1832275390625,0.028361279517412186,9634049,-1
183.86207580566406,183.6304168701172,3.2623672485351562,276.39361572265625,0.021230321377515793,9765887,-1
184.02468872070312,176.25083923339844,2.583726406097412,88.12628173828125,0.018881384283304214,9569023,-1
184.57249450683594,163.216552734375,4.7598958015441895,267.77044677734375,0.020960086956620216,3670528,-1
184.67616271972656,141.6610870361328,2.415095329284668,99.4505615234375,0.08429177850484848,4719359,-1
184.67616271972656,141.6610870361328,2.415095329284668,260.2768859863281,0.08429177850484848,4719359,-1
192.89401245117188,187.7838134765625,7.757501125335693,85.53451538085938,0.06051977723836899,5570817,-1
193.45126342773438,162.7598114013672,3.1623730659484863,267.0611267089844,0.015805605798959732,7472127,-1
196.1730194091797,157.8312225341797,6.45013427734375,280.3500671386719,0.05699927732348442,8913664,-1
196.88246154785156,176.7066192626953,2.0974690914154053,14.85003662109375,0.019603002816438675,11207167,-1
201.89028930664062,235.84413146972656,4.067558288574219,267.5606689453125,0.028394486755132675,8978688,-1
202.70269775390625,194.8974151611328,6.234951019287109,52.724700927734375,0.05677681043744087,6488832,-1
202.7680206298828,240.9589080810547,4.739123344421387,269.14483642578125,0.027618790045380592,3342848,-1
202.81219482421875,236.92791748046875,2.191220760345459,264.8458557128906,0.030475754290819168,14418431,-1
203.0529022216797,258.9809265136719,2.617299795150757,89.26303100585938,0.040741708129644394,10552063,-1
204.44544982910156,239.56988525390625,2.3855226039886475,266.46392822265625,0.03026263602077961,3801855,-1
205.83116149902344,161.39263916015625,6.199337005615234,340.35443115234375,0.044446296989917755,6030080,-1
209.46128845214844,239.075439453125,1.9749584197998047,268.1046142578125,0.02964027412235737,6881791,-1
209.53472900390625,194.93923950195312,3.0454108715057373,175.0002899169922,0.0938250944018364,4785151,-1
209.8773651123047,167.5929412841797,3.8869869709014893,180.3366241455078,0.09009840339422226,5701888,-1
210.44326782226562,235.79981994628906,3.533473253250122,264.95599365234375,0.033501435071229935,15533055,-1
214.21026611328125,196.9468536376953,4.3696465492248535,269.1242980957031,0.06565173715353012,14156032,-1
215.01963806152344,256.0160827636719,5.464609146118164,85.77883911132812,0.0347122997045517,13632000,-1
216.33535766601562,142.7257080078125,3.2674293518066406,87.08917236328125,0.08676296472549438,9896959,-1
216.33535766601562,142.7257080078125,3.2674293518066406,277.875,0.08676296472549438,9896959,-1
217.1771697998047,198.44728088378906,2.689506769180298,269.23028564453125,0.05232952907681465,12518143,-1
218.8455047607422,193.39833068847656,3.8825557231903076,9.0494384765625,0.09354858845472336,5636352,-1
218.8455047607422,193.39833068847656,3.8825557231903076,170.26309204101562,0.09354858845472336,5636352,-1
219.16543579101562,167.9757843017578,4.11349630355835,268.3613586425781,0.07777152955532074,9830656,-1
222.0555419921875,198.0665740966797,3.144482135772705,44.68316650390625,0.06636561453342438,7078911,-1
222.0555419921875,198.0665740966797,3.144482135772705,262.78509521484375,0.06636561453342438,7078911,-1
225.07965087890625,203.1865997314453,4.6662468910217285,266.71624755859375,0.046264342963695526,2228736,-1
225.61355590820312,255.2870635986328,4.827092170715332,86.55575561523438,0.04394984990358353,4653568,-1
227.64248657226562,207.71347045898438,1.8490244150161743,83.57098388671875,0.06593737751245499,2097663,-1
227.66615295410156,212.18922424316406,1.910804033279419,27.8492431640625,0.04465862363576889,4456959,-1
227.66615295410156,212.18922424316406,1.910804033279419,78.14642333984375,0.04465862363576889,4456959,-1
228.33889770507812,198.01638793945312,2.6919920444488525,109.72181701660156,0.06954357028007507,12583679,-1
228.33889770507812,198.01638793945312,2.6919920444488525,272.873046875,0.06954357028007507,12583679,-1
228.68704223632812,173.93882751464844,16.512929916381836,269.6421203613281,0.04625033959746361,10092802,-1
230.7832794189453,168.9366912841797,4.3163886070251465,280.2582702636719,0.06843578070402145,13304064,-1
231.5651397705078,198.26556396484375,2.5622031688690186,269.6864929199219,0.057082585990428925,8979199,-1
234.53091430664062,166.0370330810547,1.8498979806900024,277.7716979980469,0.02197013609111309,2163199,-1
234.7931365966797,205.11465454101562,1.966955542564392,87.25579833984375,0.029286114498972893,6554111,-1
234.85072326660156,161.52684020996094,6.257761001586914,274.4006042480469,0.03288508579134941,6750976,-1
235.050048828125,202.93211364746094,4.376428604125977,270.4137268066406,0.044065240770578384,14287104,-1
235.1908416748047,196.72117614746094,4.618772029876709,271.183837890625,0.06374069303274155,1507840,-1
235.69297790527344,229.36622619628906,11.133200645446777,268.3555603027344,0.03561977297067642,15008257,-1
236.37330627441406,254.67140197753906,4.6839399337768555,85.57070922851562,0.033647261559963226,2490880,-1
237.06353759765625,234.90711975097656,2.137542486190796,270.23724365234375,0.028439980000257492,12583423,-1
237.93426513671875,144.32177734375,28.14034080505371,263.14569091796875,0.03843748942017555,15205122,-1
238.45068359375,204.94070434570312,1.929489016532898,89.38818359375,0.025344138965010643,5177855,-1
238.6197967529297,237.3618927001953,1.914758324623108,269.94598388671875,0.026202719658613205,4653567,-1
239.58956909179688,193.25628662109375,3.5194222927093506,9.23052978515625,0.09252489358186722,15270911,-1
239.58956909179688,193.25628662109375,3.5194222927093506,169.73558044433594,0.09252489358186722,15270911,-1
240.0455780029297,232.96856689453125,5.115773677825928,264.9563903808594,0.034587908536195755,8847872,-1
240.36549377441406,169.22494506835938,4.7017717361450195,273.6077880859375,0.07655269652605057,2753024,-1
241.5759735107422,202.94052124023438,4.097576141357422,88.54306030273438,0.043734610080718994,9502976,-1
241.5759735107422,202.94052124023438,4.097576141357422,270.0634460449219,0.043734610080718994,9502976,-1
243.70123291015625,237.90966796875,3.0603606700897217,262.4574890136719,0.03532388433814049,5112831,-1
244.3385772705078,234.5343780517578,1.9637033939361572,262.319091796875,0.02530459314584732,6488575,-1
244.79986572265625,167.17584228515625,2.2982115745544434,286.4078369140625,0.039319731295108795,1114879,-1
246.9325408935547,193.29283142089844,2.3207478523254395,359.0711364746094,0.026765305548906326,1835775,-1
248.97572326660156,254.58033752441406,2.456434488296509,78.8486328125,0.04262091591954231,5964543,-1
249.2371826171875,234.50955200195312,2.051377058029175,269.39300537109375,0.035438600927591324,9634303,-1
249.4737091064453,223.66653442382812,2.0256049633026123,12.86248779296875,0.01980695314705372,8716799,-1
249.93289184570312,207.2340545654297,1.9776519536972046,87.150390625,0.04924502223730087,6947327,-1
250.3389892578125,212.38211059570312,2.64841628074646,81.39849853515625,0.02734445035457611,11404031,-1
250.68032836914062,192.06626892089844,3.2662887573242188,149.36434936523438,0.05125511437654495,9831423,-1
251.8880615234375,194.8236846923828,5.379062175750732,130.10130310058594,0.04724613577127457,12517888,-1
251.8880615234375,194.8236846923828,5.379062175750732,269.7611999511719,0.04724613577127457,12517888,-1
253.53089904785156,215.0098114013672,6.572396278381348,77.85757446289062,0.02446683868765831,10289920,-1
254.25515747070312,253.59678649902344,1.939957857131958,80.0380859375,0.032513946294784546,5571071,-1
254.7462158203125,173.50323486328125,5.1617045402526855,177.99696350097656,0.044936101883649826,9503232,-1
255.75918579101562,160.22413635253906,6.387864112854004,264.4864807128906,0.07000298798084259,8192768,-1
256.06781005859375,230.1010284423828,8.704331398010254,267.8530578613281,0.03298253193497658,13893889,-1
256.6245422363281,188.05239868164062,6.556874752044678,94.7821044921875,0.06440399587154388,10093312,-1
256.6245422363281,188.05239868164062,6.556874752044678,176.60931396484375,0.06440399587154388,10093312,-1
258.91070556640625,204.0393829345703,2.2054336071014404,79.0989990234375,0.029617980122566223,14877183,-1
262.71319580078125,166.1143035888672,4.565673351287842,268.85430908203125,0.015033261850476265,655872,-1
263.30462646484375,206.76829528808594,4.161287784576416,70.99838256835938,0.03855700418353081,10617088,-1
263.5797119140625,237.01194763183594,3.9571874141693115,263.6186828613281,0.02985595352947712,7012608,-1
263.91180419921875,236.56600952148438,3.3325016498565674,264.111328125,0.030330324545502663,11273215,-1
267.3240661621094,187.07542419433594,1.9608176946640015,79.46954345703125,0.01726655289530754,6357503,-1
267.3240661621094,187.07542419433594,1.9608176946640015,331.20159912109375,0.01726655289530754,6357503,-1
267.64642333984375,211.85302734375,2.561995267868042,88.11459350585938,0.025972647592425346,8979199,-1
268.0260314941406,176.24867248535156,3.1786651611328125,83.647705078125,0.016817988827824593,7865343,-1
270.5758056640625,205.02499389648438,2.0658204555511475,87.34454345703125,0.03288072720170021,10158591,-1
270.9843444824219,235.5193328857422,2.2378838062286377,267.25311279296875,0.029329659417271614,15925759,-1
271.3390808105469,236.7398223876953,4.437234878540039,267.98138427734375,0.02898395247757435,15270144,-1
271.8673400878906,179.310791015625,2.4126338958740234,276.68792724609375,0.028746986761689186,4653823,-1
272.0069580078125,212.62973022460938,2.208540678024292,81.81182861328125,0.021249718964099884,14942719,-1
272.0069580078125,212.62973022460938,2.208540678024292,279.8475036621094,0.021249718964099884,14942719,-1
272.3547058105469,206.28079223632812,3.890058994293213,103.5606689453125,0.038703735917806625,5767424,-1
272.48187255859375,173.80613708496094,30.612131118774414,268.99017333984375,0.07923431694507599,4587779,-1
273.6791076660156,209.78407287597656,1.8485993146896362,166.687744140625,0.013875655829906464,2097663,-1
273.6791076660156,209.78407287597656,1.8485993146896362,277.6606140136719,0.013875655829906464,2097663,-1
274.4551086425781,158.68431091308594,2.591189384460449,270.00830078125,0.0373368002474308,9831167,-1
274.78656005859375,188.74676513671875,6.321437358856201,88.57785034179688,0.04223724454641342,7471872,-1
275.1521911621094,177.4972381591797,2.0837810039520264,138.7578125,0.01514480821788311,10748415,-1
279.5447998046875,172.63467407226562,6.525698184967041,34.345733642578125,0.01609879359602928,9765632,-1
280.63702392578125,251.06826782226562,2.308297872543335,89.0404052734375,0.033932674676179886,1442559,-1
288.0089416503906,190.77886962890625,3.985841751098633,85.83349609375,0.03994236886501312,7536896,-1
290.071044921875,146.6916961669922,2.5854909420013428,87.70001220703125,0.0855984017252922,9634559,-1
290.071044921875,146.6916961669922,2.5854909420013428,274.727294921875,0.0855984017252922,9634559,-1
290.4067077636719,161.37210083007812,6.390970706939697,280.10345458984375,0.0529046393930912,8258304,-1
291.0177307128906,188.37351989746094,6.419642925262451,71.67364501953125,0.03843194246292114,8585984,-1
293.5473937988281,175.534912109375,4.357414245605469,6.23602294921875,0.019962765276432037,13959424,-1
295.677978515625,255.06202697753906,4.468148231506348,138.6519012451172,0.05940014868974686,15794432,-1
297.3773498535156,154.22732543945312,8.516613006591797,272.9654235839844,0.039176106452941895,12321025,-1
297.60546875,219.77206420898438,19.555578231811523,90.64666748046875,0.05672827735543251,5571074,-1
297.60546875,219.77206420898438,19.555578231811523,240.65567016601562,0.05672827735543251,5571074,-1
298.6758728027344,194.3613739013672,5.788398265838623,117.679931640625,0.058721065521240234,1114880,-1
300.78106689453125,248.57827758789062,2.8122289180755615,193.83978271484375,0.021376991644501686,15729407,-1
301.2761535644531,181.9832305908203,2.0733015537261963,180.54525756835938,0.03740450367331505,10420735,-1
301.4200439453125,198.81207275390625,85.67267608642578,276.288330078125,0.057643964886665344,12190212,-1
302.5972595214844,189.74473571777344,3.430908679962158,137.23068237304688,0.05324988067150116,13370367,-1
303.1648254394531,189.73440551757812,3.924588918685913,126.07316589355469,0.05291711166501045,6422784,-1
303.47650146484375,227.94155883789062,6.941633701324463,223.57652282714844,0.05404222384095192,14222080,-1
303.7434997558594,137.32569885253906,29.459415435791016,279.1078186035156,0.03580872714519501,1769731,-1
303.7533264160156,141.00025939941406,25.4411563873291,277.053466796875,0.036549802869558334,7930626,-1
304.2353210449219,184.8562774658203,2.3027877807617188,182.95809936523438,0.020275074988603592,1245951,-1
304.9732666015625,240.19766235351562,2.5256869792938232,193.1600799560547,0.01535518653690815,7930623,-1
306.0132751464844,162.09945678710938,6.6482720375061035,266.36749267578125,0.05656009539961815,11141888,-1
306.4550476074219,233.99380493164062,2.6356797218322754,221.95928955078125,0.02763616107404232,11010815,-1
311.4747009277344,221.69471740722656,2.8279426097869873,236.05856323242188,0.04867079108953476,16122623,-1
312.0292053222656,166.68357849121094,3.6019699573516846,41.27386474609375,0.014910360798239708,196864,-1
312.0292053222656,166.68357849121094,3.6019699573516846,98.46646118164062,0.014910360798239708,196864,-1
312.0292053222656,166.68357849121094,3.6019699573516846,271.303466796875,0.014910360798239708,196864,-1
315.1495056152344,243.5553741455078,2.1009609699249268,126.7677001953125,0.016106897965073586,11338239,-1
316.1358947753906,244.15304565429688,24.093496322631836,64.34906005859375,0.12221216410398483,3998466,-1
318.5443420410156,179.5376739501953,2.0048792362213135,33.170501708984375,0.018760215491056442,7930367,-1
318.5443420410156,179.5376739501953,2.0048792362213135,290.5040283203125,0.018760215491056442,7930367,-1
320.6094970703125,174.73028564453125,27.92986488342285,279.7822570800781,0.066873699426651,14680834,-1
320.652099609375,255.0555419921875,2.87619948387146,50.65264892578125,0.016286494210362434,656383,-1
325.94451904296875,184.25811767578125,3.0064752101898193,241.14996337890625,0.024087419733405113,3867647,-1
326.1082763671875,176.62478637695312,3.419358015060425,15.572998046875,0.023848282173275948,13173759,-1
326.1082763671875,176.62478637695312,3.419358015060425,188.9978790283203,0.023848282173275948,13173759,-1
327.4538879394531,167.52474975585938,3.346097946166992,27.20703125,0.01910165511071682,11600895,-1
332.3563232421875,250.6566619873047,2.667818784713745,28.519744873046875,0.06792496144771576,11928319,-1
332.39019775390625,217.85955810546875,1.8563222885131836,269.68646240234375,0.018836630508303642,2359807,-1
334.1053771972656,187.63623046875,6.729770660400391,82.71417236328125,0.04974471032619476,11993856,-1
334.6501159667969,163.8936309814453,7.563021183013916,279.78436279296875,0.06135472282767296,3735809,-1
335.1588134765625,163.40354919433594,6.791430950164795,277.59912109375,0.06266207247972488,12649216,-1
335.2218933105469,226.10501098632812,7.749009132385254,315.8735046386719,0.04960307478904724,5505281,-1
336.6768798828125,247.43511962890625,2.1480519771575928,86.63851928710938,0.04042063280940056,12976639,-1
339.52557373046875,218.76841735839844,17.432817459106445,297.9844970703125,0.05392620339989662,13959426,-1
340.1700439453125,232.9187469482422,4.274075508117676,269.9024963378906,0.02557891234755516,12583168,-1
343.59344482421875,179.66619873046875,7.3063249588012695,4.07403564453125,0.034452252089977264,1245441,-1
343.9602355957031,165.28268432617188,5.058047771453857,342.63385009765625,0.04014137387275696,8061440,-1
346.24957275390625,170.87734985351562,2.5333220958709717,181.9422607421875,0.05271648243069649,8192767,-1
347.09674072265625,227.7794952392578,3.427208662033081,266.4542236328125,0.025538677349686623,13304831,-1
347.30157470703125,209.205810546875,2.31095290184021,87.06912231445312,0.014087275601923466,1508095,-1
349.0286560058594,195.57965087890625,3.6891846656799316,267.0628662109375,0.04385659843683243,1966336,-1
349.12457275390625,232.119384765625,3.9940803050994873,265.6321105957031,0.02847515605390072,7667968,-1
349.2557678222656,140.96620178222656,32.735130310058594,281.462646484375,0.030069345608353615,9437443,-1
349.366943359375,244.81443786621094,5.45871114730835,90.00152587890625,0.035148024559020996,13566464,-1
352.21160888671875,165.1215057373047,4.201452255249023,266.89990234375,0.02754902094602585,11337984,-1
352.47216796875,171.56715393066406,3.0796995162963867,267.96270751953125,0.05846411734819412,5571583,-1
352.95513916015625,226.91615295410156,4.112386226654053,265.20172119140625,0.03221263736486435,9765120,-1
353.6379699707031,209.180419921875,2.8035848140716553,90.09320068359375,0.018902480602264404,15532799,-1
354.1181945800781,204.06983947753906,1.8725388050079346,96.95135498046875,0.039722833782434464,3015167,-1
355.6894226074219,195.0224609375,4.088222980499268,264.26959228515625,0.04682474583387375,9371904,-1
356.6290283203125,200.34173583984375,3.8214688301086426,267.0689697265625,0.04968615993857384,4456704,-1
356.7066955566406,231.120849609375,3.2502784729003906,265.13653564453125,0.0335141159594059,9503743,-1
357.5563659667969,244.52902221679688,4.991074562072754,86.5281982421875,0.03850714862346649,7078400,-1
359.7159423828125,174.32089233398438,11.990591049194336,270.4278259277344,0.042401596903800964,3605249,-1
359.7344970703125,208.66998291015625,2.385704755783081,67.7955322265625,0.017710044980049133,3801855,-1
359.8979797363281,203.83836364746094,1.9947175979614258,83.16534423828125,0.03689446300268173,7602687,-1
359.947265625,238.28872680664062,14.918688774108887,76.89761352539062,0.06591744720935822,2752770,-1
360.1953125,191.33860778808594,3.0271880626678467,10.598907470703125,0.0717569962143898,4326399,-1
360.1953125,191.33860778808594,3.0271880626678467,166.99819946289062,0.0717569962143898,4326399,-1
363.119873046875,217.59288024902344,16.103548049926758,88.83596801757812,0.043585214763879776,8257794,-1
363.119873046875,217.59288024902344,16.103548049926758,261.599609375,0.043585214763879776,8257794,-1
363.7456970214844,195.32577514648438,3.7797443866729736,271.958740234375,0.051472146064043045,3670272,-1
366.8754577636719,203.62100219726562,1.8886775970458984,89.00106811523438,0.03160972520709038,3670527,-1
367.01141357421875,208.15550231933594,2.1348209381103516,89.46490478515625,0.015144776552915573,12517887,-1
367.0374755859375,191.85226440429688,2.4298760890960693,12.15460205078125,0.06492888927459717,5178111,-1
367.0374755859375,191.85226440429688,2.4298760890960693,165.46234130859375,0.06492888927459717,5178111,-1
368.11199951171875,171.28257751464844,4.198540210723877,273.1006774902344,0.05667801946401596,11272448,-1
368.7765197753906,231.27159118652344,4.503077983856201,266.04443359375,0.029560917988419533,16384256,-1
371.775146484375,247.16522216796875,2.237250328063965,70.78457641601562,0.028164468705654144,15860223,-1
372.9713134765625,216.1522674560547,3.2696683406829834,179.264404296875,0.01649414747953415,9896959,-1
373.4917907714844,165.16571044921875,5.306241512298584,210.8292236328125,0.03196261078119278,11534848,-1
373.4917907714844,165.16571044921875,5.306241512298584,272.3597106933594,0.03196261078119278,11534848,-1
376.1817932128906,240.7816162109375,3.4825732707977295,64.36981201171875,0.031620509922504425,14484479,-1
376.22821044921875,230.11318969726562,2.653032064437866,258.2856750488281,0.016158457845449448,11535103,-1
376.2859191894531,225.0085906982422,4.166659832000732,203.0155487060547,0.03903080150485039,10748160,-1
376.2859191894531,225.0085906982422,4.166659832000732,260.1944274902344,0.03903080150485039,10748160,-1
376.693359375,203.63844299316406,1.8256794214248657,89.9686279296875,0.03200460225343704,1180159,-1
377.0752258300781,161.1550750732422,2.3957107067108154,226.57931518554688,0.017915060743689537,4129535,-1
377.1786193847656,194.11802673339844,4.779735565185547,129.80345153808594,0.04076267406344414,3932672,-1
377.1786193847656,194.11802673339844,4.779735565185547,263.4581298828125,0.04076267406344414,3932672,-1
378.2353210449219,200.17477416992188,3.464092969894409,91.22463989257812,0.045632943511009216,14091263,-1
378.2353210449219,200.17477416992188,3.464092969894409,267.078125,0.045632943511009216,14091263,-1
378.77862548828125,210.64804077148438,5.819635391235352,193.214111328125,0.03931203484535217,1508096,-1
381.2460021972656,245.87109375,7.698716640472412,69.6201171875,0.03474954143166542,4980993,-1
382.4348449707031,160.01861572265625,2.0671420097351074,270.15533447265625,0.026797937229275703,10158591,-1
382.5953063964844,185.13995361328125,8.09125804901123,5.2320556640625,0.06730752438306808,8585473,-1
383.18499755859375,166.33741760253906,8.258339881896973,352.8345642089844,0.07552509009838104,10092801,-1
383.4667663574219,157.9966583251953,4.495538234710693,269.1208190917969,0.028936399146914482,16253184,-1
384.0595703125,219.14056396484375,5.274806976318359,10.9736328125,0.048796214163303375,11076096,-1
384.0595703125,219.14056396484375,5.274806976318359,198.6154022216797,0.048796214163303375,11076096,-1
386.86907958984375,209.40396118164062,5.090773582458496,12.473724365234375,0.05574741214513779,8520192,-1
388.808837890625,224.54830932617188,3.963550329208374,7.52191162109375,0.045087963342666626,7143680,-1
388.808837890625,224.54830932617188,3.963550329208374,286.6775817871094,0.045087963342666626,7143680,-1
390.3443908691406,192.15142822265625,2.667424440383911,29.977142333984375,0.019250305369496346,11928319,-1
390.3948669433594,196.61573791503906,1.8916215896606445,269.8607177734375,0.018585126847028732,3736063,-1
391.02667236328125,211.8723602294922,2.3207616806030273,17.158355712890625,0.024818649515509605,1835775,-1
391.0343322753906,230.1436309814453,4.183426380157471,6.82122802734375,0.048390790820121765,11010304,-1
391.902587890625,199.79815673828125,3.251054525375366,359.34814453125,0.062416788190603256,9503743,-1
394.6646728515625,234.06707763671875,3.4569671154022217,10.110626220703125,0.03206832706928253,13960191,-1
